3236.05
3240.71
3240.01
3241.89
3272.44
3273.48
3273.62
3273.62
3273.58
3273.8
3274.41
3275.18
3281.83
3281.35
3281.35
3279.92
3279.92
3292.33
3296.65
3296.65
3296.65
3296.64
3296.62
3298.34
3298.41
3298.41
3298.14
3297.93
3241.79
3241.79
3243.6
3243.6
3261.68
3259.08
3259.08
3259.08
3259.14
3284.04
3253.51
3253.36
3253.36
3253.17
3253.17
3249.51
3152.76
3152.76
3152.67
3162.31
3162.31
3215.66
3134.5
3131.24
3138.35
3138.2
3074.05
3074.25
2997.4
2997.4
2997.69
2997.48
2997.14
2996.93
3000.54
2994.74
2994.86
2994.87
2994.87
2992.85
3115.7
3117.21
3124.43
3120.08
3117.24
3117.24
3134
3134.07
3082.58
3301.84
3293.34
3293.06
3293.06
3293.06
3293.06
3281.98
3281.98
3278.04
3281.21
3282.77
3282.77
3278.93
3278.93
3278.96
3279.63
3279.71
3258.3
3258.3
3258.3
3258.3
3258.23
3176.63
3179.79
3179.79
3179.79
3047.32
3047.32
3047.12
3046.81
3045.84
3084.12
3216.23
3333.84
3334.07
3394.34
3516.71
3516.71
3516.71
3516.71
3516.71
3516.71
3604.58
3604.58
3604.58
3604.67
3610.09
3606.93
3682.05
3681.6
3681.55
3686.43
3546.44
3495.05
3495.05
3492.5
3451.45
3451.47
3451.31
3605.9
3605.9
3605.53
3609.56
3609.35
3609.35
3611.81
3613.99
3666.73
3744.51
3681.21
3681.21
3681.21
3458.18
3458.18
3457.9
3458
3465.82
3436.06
3436.66
3436.58
3396.58
3396.58
3396.58
3396.31
3396.31
3396.14
3396.14
3396.14
3405.34
3405.34
3407.01
3405.37
3632.07
3671.11
3705.53
3695.62
3695.11
3695.18
3868.91
3843.85
3843.6
3843.65
3846.59
3846.59
3846.59
3846.59
3846.62
3846.67
3816.39
3816.32
3816.32
3816.32
3816.36
3816.26
3809.75
3809.62
3774.75
3656.01
3656.19
3656.19
3654.1
3649.23
3616.86
3616.86
3616.86
3608.6
3608.6
3608.85
3603.23
3604.14
3567.61
3567.61
3567.61
3567.61
3567.68
3532.57
3581.64
3574.17
3574.03
3583.33
3583.28
3694.35
3698.39
3698.39
3699.11
3699.33
3699.33
3699.38
3678
3677.93
3965.75
3999.07
3999.07
3999.07
3999.07
3999.18
3999.18
3992.72
3985.54
3984
3984
3910.14
3910.14
3902.46
3834.71
3924.8
3917.52
3917.74
4016.84
3965.71
3965.71
3965.71
3965.49
3930.66
3930.81
3930.19
3930.19
3753.84
3753.84
3754.47
3754.13
3754.22
3754.22
3754.22
3754.19
3757.01
3757.01
3712.53
3939.64
3914.57
3914.57
3914.57
3934.65
3913.35
3913.35
3913.45
3913.97
3911.53
3911.53
3911.53
3854.56
3854.56
3854.56
3854.56
3854.56
4021.87
3990.73
3975.97
3975.81
3933.36
3933.2
4033.66
4034.39
4034.39
4034.39
4047.37
4154.99
4147.76
4064.23
4062.86
4062.86
4062.86
4062.86
4062.86
4063.01
4063.01
4112.46
4053.5
4053.5
4053.5
4053.5
4053.5
4053.5
4111.37
4367.06
4372.21
4372.21
4375.32
4352.69
4425.69
4425.69
4450.48
4370.59
4354.93
4168.45
4305.35
4305.77
4305.77
4305.77
4305.77
4305.77
4305.62
4305.62
4306.08
4305.93
4305.93
4305.64
4347.01
4347.01
4384.79
4384.79
4469.84
4470.07
4476.15
4476.15
4475.85
4475.56
4475.56
4550.97
4550.95
4533.26
4533.49
4533.49
4531.08
4531.08
4519.12
4569.12
4584.98
4584.85
4352.38
4352.38
4314.07
4314.07
4314.07
4314.07
4313.53
4313.53
4313.53
4313.53
4313.36
4342.03
4342.24
4342.22
4575.54
4570.46
4568.71
4568.71
4589.26
4589.26
4589.45
4578.34
4729.37
4729.93
4729.93
4729.93
4722.76
4782.92
4782.92
4790.56
4790.56
4787.02
4529.4
4527.31
4522.85
4522.95
4522.95
4522.98
4558.72
4558.97
4566.94
4568.54
4624.59
4624.11
4625.41
4625.41
4639.82
4639.82
4647.63
4787.54
4787.54
4787.54
4787.54
4787.54
4425.77
4425.77
4276.35
4276.35
4296.11
4290.55
4281.78
4281.78
4342.43
4354.04
4354.04
4353.82
4156.26
4156.26
4156.26
4156.26
4122.19
4122.19
4122.19
4116.72
4009.84
4009.79
4009.79
4009.79
3883.73
3881.09
3881.02
3859.97
3860.16
3859.97
4169.18
4169.18
4169.18
4212.4
4212.4
4212.44
4212.44
4212.44
4193.69
4193.69
4574.39
4566.71
4566.2
4577.74
4577.45
4577.45
4577.45
4577.45
4577.69
4577.69
4687.64
4692.58
4692.58
4560.67
4560.67
4560.74
4561.82
4510.29
4510.29
4489.25
4489.25
4494.46
4494.46
4549.04
4607.38
4575.98
4585.19
4585.13
4584.95
4584.9
4371.17
4371.17
4395.27
4515.53
4515.53
4515.06
4515.12
4515.08
4516.15
4541.26
4542.63
4535.23
4997.07
4997.07
4997.07
4997.07
4996.95
4932.05
4932.04
4778.68
4762.53
4771.32
4681.2
4681.13
4681.13
4681.13
4681.13
4681.81
4683.77
4723.68
4723.68
4669.12
4669.12
4573
4572.85
4064.61
4132.94
4132.71
4132.71
4489.48
4590.99
4510.42
5076.14
5076.94
5158.15
5018.21
5018.21
5018.21
5018.21
5056.21
5056.21
5164.97
5164.97
5164.97
5166.09
5166.09
5187.08
5071.5
5071.5
5071.5
5113.78
5113.78
5113.78
5239.35
5238.01
5237.91
5237.91
5239.17
5239.17
5237.61
5237.61
5237.61
5236.79
5237.32
5236.87
5239.04
5239.04
5217.98
5216.45
5175.55
5175.55
5175.55
5178.29
5178.29
5178.37
5178.37
5288.89
5288.89
5288.89
5288.79
5516.04
5516.18
5516.18
5059.05
5059.05
5059.08
5059.08
5073.38
5073.19
5073.23
5073.23
5073.43
5819.45
5819.45
5819.46
5780.29
6024.16
6024.16
6024.16
5452.74
5452.74
5452.86
5442.61
5442.78
5342.97
5342.97
5342.97
5342.97
5342.97
5342.97
5342.97
5314.02
5314.02
5314.02
5357.09
5317.95
5317.95
5317.95
5317.98
5316.61
5316.61
5316.68
5317.77
5317.77
5304.84
5323.85
5324
5304.3
5282.63
5275.11
5276.73
5275.56
5262.9
5262.9
5262.9
5275.61
5283.85
5289.36
5289.36
5367.43
5367.26
5369.91
5369.91
5369.91
5358.75
5239.18
5239.18
5240.38
5230.16
5205.44
5205.72
5214.83
5214.83
5204.34
5192.31
5197.14
5197.14
5201.06
5631.07
5631.07
5631.07
5746
5765.36
5767.77
5767.68
5790
5790
5790
5790.11
5789.48
5788.32
5788.32
5788.76
5788.98
5788.83
5788.83
5785.85
5632.74
5812.03
5807.17
5884.79
5884.53
5884.53
5982.56
5982.56
5982.56
5982.54
5982.63
5974.17
5979.18
6094.67
6094.42
6094.42
6110.96
6061.26
6004.17
6003.82
6003.82
6045.59
6045.59
6045.59
6031.48
6052.62
6052.62
6106.33
6106.3
6325.76
6325.72
6204.24
6204.24
6204.3
6204.3
6276.85
6275.68
6544.36
6544.36
6544.36
6544.36
6544.29
6544.29
6544.44
6545.07
6545.07
6530.94
6530.94
6530.94
6531.35
6438.9
6438.84
6439.01
6437.28
6430.75
6430.75
6430.6
6428.84
6428.84
6428.84
6428.97
6410.39
6410.28
6410.28
6350.74
6390.58
6390.58
6390.58
6390.69
6390.69
6387.65
6387.84
6387.84
6387.47
6387.47
6387.47
6387.47
6387.59
6387.59
6454.63
6322.74
6322.74
6322.74
6334.74
6495.39
6495.23
6495.23
6495.23
6495.23
6495.23
6493.95
6493.95
6883.69
6845.76
6838.58
6838.58
6970.76
6961.43
6963.95
6963.95
6963.95
6963.95
6963.95
7506.19
7506.19
7505.26
7505.51
7101
7100.88
7331.63
7256.75
7257.26
7257.05
7257.04
7256.89
7257.28
7256.02
7256.02
7256.02
7250.8
7250.8
7250.32
7251.66
7785.74
7785.81
7785.56
7785.67
7785.67
7723.48
7726.2
7725.97
8484.55
8484.73
8484.73
8507
8507
8506.41
8506.87
8506.87
8413.06
8413.06
8413.06
8386.95
8409.64
8409.64
8409.6
8083.49
8087.22
8087.24
8087.24
8087.24
8081.93
8081.93
8081.93
8081.93
8030.51
8116.36
8116.36
8116.36
8116.36
8116.36
8116.55
8144.95
8144.95
8137.51
8137.58
8137.67
8183.99
8185.35
9070.86
9328.26
9328.37
9331.38
9308.85
9308.85
9308.95
9298.85
9298.81
9312.48
9311.59
9295.41
9248.21
9248.21
9450.57
9450.57
9450.57
9596.21
9596.29
10587.1
10587.1
10587.1
10408.6
10408.6
10408.6
9999.59
9999.86
10000
9999.81
10019.3
10019.4
10019.3
10120.3
10120.3
10120.3
10117.5
10117.5
10099.3
10099.3
10095.8
10094.1
10094
10094
10078.6
10078.6
9499.97
9572.17
9694.39
9695.38
9695.38
9695.38
9695.38
9695.22
9695.22
9695.22
9705.81
9705.69
9394.44
9338.99
9017.9
9017.9
9017.9
9017.9
9020.98
9013.1
9013.1
9616.56
9573.65
9581.67
9800.13
9800.13
9816.75
10359.7
10359.7
10350.8
10350.8
10350.9
10350.9
10187.8
10187.8
10187.8
10415.8
10415.8
10415.7
10415.7
11087.3
11087.2
11087.2
11087.4
11087.1
10831.2
10830.5
10833.9
10825.1
10867.6
10867.6
9868.66
9876.89
9876.89
9336.62
9336.62
9631.27
9631.27
9631.27
9631.36
9631.59
9632.16
9627.99
9627.99
9627.99
9685.62
9688.7
9594
10014.8
10014.8
10014.6
10014.6
10014.6
10014.6
10028.3
10028.4
10028.4
10038.6
10039.3
10138
9480.77
9480.77
9480.77
9480.8
9565.51
9277.7
9277.7
10040.7
10041
10041
10041
10041
10033.8
11546.8
11543.7
11543.9
11543.9
11543.9
11635
11634.9
11634.9
11634.3
11785.5
11895.4
12094.3
12094.2
12096.3
12096.3
12096.3
11365.2
11365.2
11365.2
11575
11575
11575
11574.6
11574.6
12456.3
12456.3
12456.3
12071.8
12072
12072
12069.4
12069.6
12069.6
11991.8
11991.8
11990.5
11990.5
11931.9
10792.9
10189
10189
10188.3
10198.4
10197.8
10197.8
10450.5
10793.3
10803.2
10803.2
10803.1
10803.6
10817.6
10829.9
10902.9
10896.5
10896.5
10896.5
10896.5
10896.5
10896.5
10897.3
10841.4
10841.4
11247.2
11247.2
11246.9
11210.6
11211.6
11242.5
11196
11210.1
11210.1
11210.1
11210.1
11217.8
11217.7
11217.7
11217.8
11217.9
11217.9
11217.8
11213.6
11213.6
11200.3
11179.6
11179.5
11182.3
11182.3
11182.3
10771.2
10767.9
9561.83
9561.83
9561.61
9616.01
9676.88
9677.58
9677.64
9677.64
10657.7
10657.7
10657.7
10593.5
10593.5
10546
10546
10546
10486.6
10486.6
10486.6
10481.3
10481.2
10481.2
9300.14
9300.2
9287.37
9291.1
9291.14
8808.37
8807.38
8818.07
8818.07
8984.46
8505.21
8504.96
8504.96
8504.96
8505
8507.49
8507.49
8507.59
8436.59
8436.59
8436.59
8436.59
8440.91
8454.57
8454.57
8454.38
8478.84
8719.2
8718.83
8718.83
8718.74
8718.74
8718.74
8718.74
8643.03
8643.03
8641.27
9454.96
9343.7
9343.7
9342.49
9342.36
9342.2
9351.4
9351.96
9350.92
9350.81
9437.58
9437.4
9441.81
9441.81
9723.34
9720.76
9720.76
9720.76
9611.12
9611.13
9535.09
9520.53
9520.54
9520.72
10755.9
10755.9
10898.6
10898.6
10898.6
10897.6
10897.6
10378.9
10378.9
10378.9
10990.5
10990.5
10992.2
10992.2
10992.2
10992.2
10991.8
10991.8
10991.6
10852.6
10859.7
10859.7
10859.3
11105.1
11105.1
11077.9
11078.1
11078.1
11078.1
11078.1
11078.1
11078
11078
11078
11096.9
11096.9
11096.7
11096.4
11096.4
11096.6
11096.4
11096.7
11070.8
11070.9
10795.7
10795.5
10795.5
10795.7
10795.7
10795.4
10886.5
10877.4
10877.4
10876.9
10876.9
10874.7
10874.7
10874.4
10874.4
10874.4
10874.2
10860.1
10603.4
10603.6
10599.7
11385.9
11385.9
11373.3
11373.3
11462.2
11762
11762
11761.9
11676.4
11676.4
11754
11753.5
11723
11723
11693.7
11693.7
11693.7
11693.5
11693.2
11693.1
11693.1
11691.7
11691.7
11691.5
13796.4
13800.4
13800.4
13790.4
12944.1
12944.1
12938.8
12938.8
12938.8
12935.9
12935.9
12935.7
12936.1
12953.5
11621.4
11686.8
11686.7
11686.7
11686.7
11685.6
11685.6
11685.6
11685.6
11677.7
12077.4
12111.8
12978.8
12978.8
12978.8
12978.8
12985
12984.9
12984.9
12986.5
12888.4
12888.8
12888.8
12703
12703
12703
12703.1
12703
12700.3
12700.3
12700.3
13518.1
13517.9
13501.6
13501.6
13334.8
13334.8
13257.3
13257.4
13258.2
13258.1
13152.6
13152.9
13152.1
13152.1
13146.8
13145.8
13142.8
13137.1
13137.2
13137.2
13137.2
13137.3
13137.4
13130.5
13211.8
13211.7
13211.7
13217.6
13217.7
13217.7
13217.8
13027.6
13027.6
13041.8
13957
13957
13958.1
13518.1
13634.2
13634.5
13634.5
13650.1
13650.1
13650.2
13603.3
13599.2
13634.2
13634.2
13634.1
14749.8
14749.5
14751.6
14751.6
14751.6
14671.8
14671.8
14464.1
14464.1
14463.5
14463.5
14463.5
14411.1
14996.1
14996.1
14996.1
14996.1
14996.2
14996.2
14996.2
14191.5
14191.5
14191.4
14248.7
13879.1
13879.3
13879.3
13879.2
13879.3
13879.3
13879.2
13868.9
13887.7
13886.8
13887.6
13887.3
13887.3
13886.4
13886.4
13886.4
13886.3
13885.8
13885.8
14177
14176.9
14177.9
14177.9
13342.3
13342.3
13342.3
13343.4
13343.4
13343.4
12263
12263
12263
12263
12660.9
12660.9
12660.9
12660.9
12660.9
12629
12628.8
12628.8
12628.8
12685
12685
13426.6
13426.6
13426.6
13426.6
13426.5
13426.5
13467.5
13467.5
13467.5
13467.5
13487.7
13901.4
14185.8
14075.2
14075.2
14075.1
14103.3
15311.1
15365.7
15365.7
15365.7
15365.1
13956.6
13951
13951
13951
13951.1
13951.4
13951.6
13949.2
13949.2
13916.2
13916.2
13916.2
13916.2
13910.9
13099.6
13099.6
13100
12713.7
12713.7
12713.7
12713.7
12713.7
13252.8
13253
13252.9
13252.9
13252.9
13252.9
13253
13252.9
13252.9
13227.5
13899.6
13899.5
13899.5
13899.5
13899.5
13899.6
13899.6
14271.1
14271.1
14271.1
13321.4
13321.4
13321.4
13392.9
13393.2
13290.6
13290.6
13290.6
13290.6
13290.5
13290.1
13290.1
13290.4
13290.4
13290.4
13290.4
13290.6
13290.6
13290.6
13283.3
13256.5
12283.5
12283.5
12168
12168.2
12168.2
12052.6
12047.9
12047.9
12047.9
12047.8
12047.8
12131.4
12131.4
12131.3
12132
12132
14889.8
14889.8
16936.9
16937.8
16937.8
16938.6
16938.6
16938.5
16938.5
16938.5
16956.4
16946.1
16946.6
16946.9
16946.8
19017.3
19017.3
19017.3
20933.7
20933.7
20933.8
20933.8
21244.2
20892.8
20892.8
20892.5
20892.5
20892.5
20892.5
20892.7
20441.9
20441.9
17746.9
17746.9
17746.9
17746.6
17746.6
17737.3
17980
18155.2
18155.2
18155.2
18126.6
17822
17822
17821.8
17925.9
18416.3
18416.3
18416.3
18416.3
18416.3
18416.3
16465.2
16465.3
16465.1
16465.1
16472.1
16472.1
16472.2
16472.3
16472.1
16472.1
16287.6
16287.7
16286.7
16286.7
16265.5
15515.2
15515.2
15515.3
17724
17724.6
17724.7
17724.6
17084.1
17084.1
16738.3
16672.7
16672
16483.9
16483.9
16313.7
17566.5
17567.1
17567.1
17447.2
17409
17421
17421
17421
17400.4
17408.5
17408.5
17828.8
17773.1
18107.5
18107.5
18758.7
18758.7
18758.7
18758.7
18758.7
18834.6
18834.6
18833.6
18836.6
18573.3
18573.3
19871.1
19887.8
19887.4
19893.8
19892.6
19892.5
19892.5
19892.2
19350.2
19350.2
19350.2
19349.2
19349.2
19482.8
19482.6
16374.4
15777.8
15777.8
15777.8
15783.5
15783.5
15782.6
15782.8
15782.8
16623.5
16558.7
16558.7
16558.7
16558.7
16558.7
14935.2
14933.6
14933.6
15205.6
14049.7
14050
14050
14049.9
14027
14027
14027.3
14027.3
14027.3
14027.5
14023.6
14021.8
14021.8
14167.6
14167.9
14167.9
14167.9
14167.9
13705.9
12915.7
12915.7
12915.2
12915.2
13048.5
13048.4
12783.4
12648.5
12647.7
12647.7
12647.6
12647.6
12647.3
12647.3
12649.4
12649.4
12651.7
12651.4
12651.5
12651.5
12651.5
12651.5
12653.2
12656.3
12656.3
13803.7
13803.7
15097.8
15057.9
15057.9
14969.4
14969.4
14969.4
14969.5
14969.4
14969.4
14969.3
14969.3
14969.4
14960.7
14860.5
14860.5
15091.8
15071.5
15071.2
15076.1
15074
15074
15009.6
17522.6
17524.4
17524.5
18793.4
21135.4
21097.2
21097.2
20967.4
21145.4
21145.6
19727.9
19727.8
19744.8
19744.8
19744.8
19748.2
19748.3
19518.4
19518.3
19518.4
19518.6
19355.7
19355.7
19355.7
19309.9
19309.9
19327.7
19327.8
19327.8
19480.9
19481.7
19481.6
19481.6
19481.6
19481.4
19577.4
20747.7
20747.7
20760.8
20760.5
20760.5
20760.5
20760.5
20760.3
20765.2
20734.1
21802.4
21770.4
21770.4
21770.2
21770.2
21770.2
21770
21756.6
21826.1
21826.1
21826.1
21826.1
21785.5
21785.3
21874
23321.7
23321.7
23356.6
23356.6
23356.6
23424.7
23424.7
23424.7
23407.9
23411.3
23381.5
22526.6
22622.7
22622.8
22748.5
22725.9
22725.9
22720.7
22720.6
22720.7
22720.7
22720.7
23528.8
25880
25880
26030.4
25986.5
26161.9
26161.9
26165.6
26172.9
25685
25685
25718.5
25713.8
25713.8
30324.9
30505.8
30564.5
30407.7
30407.7
30431.2
30431.2
30431.2
29541.8
29542.1
29542.1
29542.1
29542.1
29542.2
29509.8
29509.8
29465
27727.1
26773
26772.9
26772.9
26772.9
26772.9
26744.9
26741.5
26731.9
26732.2
28331.5
28331.7
28331.7
28336.2
28336.2
28509.6
28509.6
28361.2
28780.6
28782.4
28782.4
28782.4
28782.4
27099.3
27151.2
27151.1
26556.7
26417
26417
26417.3
26387.2
26387.2
26387.2
26387.9
26387.9
28951.3
28908.8
28908.6
28908.6
27252.2
27235.7
27235.6
27235.6
27235.6
27235.5
27235.5
25673.1
23896.5
23896.5
23895.2
23895.2
23895.2
23895.2
23895.2
24043.9
24043.9
24043.9
24043.9
25096
25096
25096
25106
24874.5
24874.5
24869.8
24869.7
24869.7
24848.1
24699.4
24699.4
24699.2
24802.1
24802.6
22960.1
22960.1
22960.1
22524.9
22523.8
22796.9
22797.9
22797.9
22797.9
22680.2
22680.2
22715.6
22715.6
22715.6
22871.8
22871.8
22871.7
22871.8
23024.4
23024.4
23020.1
22876.9
21566.6
21566.6
21566.6
17650.4
17650
17650
17650.1
17650.1
18279.9
18279.9
18279.6
18279.6
18279.6
18279.7
18281.2
18145
18145
18164.6
18164.6
18164.4
18186.9
18186.9
19013.9
19013.9
16454.7
16454.7
16454.7
16458.8
16458.8
16458.8
16458.8
16458.8
16459.3
16503.7
16503.7
16521.2
18862.6
18862.8
18862.7
18849.8
18849.9
18849.9
20630.8
20630.8
20630.4
20630.4
21852.8
21852.9
21009.2
19938.3
19938.3
19938.4
21624.2
21624.1
21624.1
21600.1
21599.6
21618.6
21618.5
21618.5
21618.5
21618.6
21616.4
21616.4
21526.5
21526.6
21453.2
21453.2
20837.8
20837.8
20837.8
21875.2
21867.1
21867.1
21867.3
21867.3
21867.3
21998.8
21998.8
21998.8
21998.7
21998.7
21998.7
21998.8
18296.8
18305.9
18305.7
18305.7
18305.7
18311.6
18284.2
18284.2
17201
17202.4
17196.2
17431.3
17431.3
17422.7
17546.6
17513.8
17592.8
18311.1
18313.3
18367.3
18367.7
18367.7
18367.7
18769.6
17514.4
17514.4
17565.1
17565.1
17565.1
17594.8
17594.7
17594.7
17594.7
17594.7
17594.8
17586.4
17586.4
17586.4
17586.4
17594.8
17589.9
16672
16664.4
16664.4
16659.3
19251.1
19251.1
19251.1
20213.2
20213.2
20213.2
19881
19881
19881
19881
19881.3
19881.3
19881.3
19881.4
19877.3
19877.3
19877.3
19877.3
19877.4
19877.4
19848.5
19848.4
19848.2
19848.2
19848.2
18679.8
18656.9
19817.6
19817.6
19817.6
19817.6
19817.1
19817.1
19817.1
19817.1
19817.2
19817.2
19817.3
19817.3
19817.3
19481.1
19481.2
19481.3
19480.6
19480.8
19480.8
19480.8
16905.3
17079.3
17056.8
17056.8
17056.8
17056.7
17056.7
17056.7
17056.7
17056.7
17059.1
17059.1
16640.2
16640.2
16640.4
16640.5
16079.9
16079.9
16079.9
16763.8
16769.1
16817.4
17509.3
17509.3
20303.1
20303.1
20006.5
20001.9
20002
20002
20002.1
20001.9
20193.2
20193
20192.9
20192.9
20193.5
20193.5
20115.1
20051.9
20051.9
20051.9
19990
19989.8
19989.8
21168
21168
21168
20956.6
20084.9
20084.9
20085
20085.2
20024.8
20024.8
20234.9
20234.9
20234.9
20234.5
19372.5
19372.8
19407.9
19564.2
19564.2
19564.2
19564.2
19565.6
19565.6
19565.6
19565.6
19299.8
19399.7
18219.3
18219.3
18219.3
18219.3
18219.3
18219.3
18217.2
18217.2
18217.2
18221.3
18221.3
18221.3
18221.4
18221.4
18221.4
18112.4
18000.7
18000.6
18000.7
18000.7
17724.1
17724.1
17724.1
17724.2
17794.5
18521.4
18521.4
18521.4
20120.6
20120.6
20568
20568
20313.6
20316.5
20316.7
20316.7
20109.3
20109.3
20114.4
20114.4
20113.8
20114.1
20114.1
20128.4
20128.5
20128.5
20128.5
20128.5
20128.4
20128.4
19804.8
19815.4
19815.6
19828.9
19826.9
19785.3
19785.3
19712.3
19764.8
19759
19759
19759.2
20295.3
20295.3
20298.1
20298.1
20298.1
20298.1
20429.7
21713.9
21713.9
21713.9
25451.4
25451.4
25451.4
25451.5
25451.5
22654.7
22654.7
21940.6
21940.6
21946.2
21946.4
22006.4
22006.4
22006.4
22006.4
20802.5
20802.5
20592.9
21792.4
21792.4
21792.4
21566.4
21566.4
21587.2
21587.1
21587.1
21587.1
21587.1
21587.1
21587.1
21530.3
21530.3
21530.3
21669.5
21670.3
21683.7
21683.7
21685.2
19265.5
19265.5
19265.6
19335.6
19336
19336.1
19337.3
19337.3
19347.5
19347.5
19347.5
19347.5
19347.5
19347.5
19347.6
19347.6
19336
19510.7
19542.3
19542.4
19542.6
19542.6
19542.4
19537.6
19537.4
19537.4
19537.4
19537.5
20504.2
20430.6
20430.6
23066.8
23066.8
23066.8
22920
22920
24036.1
24036.1
24036.1
24799.9
24799.9
24799.9
25837
25837
25835.5
25835.5
25830.6
25845.9
25846.2
25846
25858.6
25859.7
25977.3
26151
24808.8
25039.6
25039.7
23235
23262.3
23261.4
23353.3
23353.3
23353.3
23347.1
27038.5
27038.4
27038.4
27038.4
27038.4
31144.7
31144.7
31144.9
31315.6
32026.1
33826.1
33826.1
34746.1
35968.5
35968.8
35824.9
35825.7
35831.7
35832
35832
35832
35831.9
35831.9
35831.9
35830.6
35830.6
36147.1
36147.3
36147.3
36147.3
36436.3
36436.3
36436.3
36436.3
36436.3
36436.3
36436.2
36436.2
36436.2
36436.2
36650.7
36635.6
36635.6
36664.9
36666.1
36666.3
36666.3
33987
32664.2
32664.2
32664.3
32664.3
32577.4
32616.1
32375
32493
32493
32493
33171.9
36446.6
36682.6
36683.8
36683.7
36683.5
36683.5
36683.5
36683.5
36683.5
36971.2
36971.2
33246.8
30511.6
30511.6
30504
30504
30504
30504
30504
30503.9
30503.7
30503.7
30503.7
30506.5
30506.5
30506.5
30506.5
30506.6
28456.3
31135.2
31135.4
31135.4
31135.4
29451.7
29451.4
29451.4
29451.4
29451.5
29451.5
31725.5
31725.9
31725.9
31794
31794
31791.1
31791.1
31791.1
31618.8
31618.8
31619.1
30739.9
30752.9
30752.9
30856.8
30858.8
30845.6
30845.7
30845.7
30845.6
30845.6
30845.6
30885.7
30885.8
30885.8
30483.9
30483.9
31407.3
31564.6
31564.7
31564.7
30950.2
30923.4
29213.8
29222.5
29218.1
29218.1
28869.4
28868.3
28868.9
28868.9
28855
28855
28856.9
28822.1
28811.3
27999
27999.9
27999.7
27906.7
27997.8
27997.8
27997.7
27992.9
26924.5
26921.1
26921.1
29132.6
29132.6
29132.6
29132.5
29132.5
29132.4
29182.3
28915.6
28890.2
28890
28889.9
28889.9
28889.9
28889.9
28889.9
26406.3
26406.3
26406.3
26406.3
25340.7
25340.2
25360.6
25367.6
23474.7
23474.7
23474.6
23474.6
22933.4
22933.4
20272.4
20268.2
20268.2
20268.1
20268.1
20267.7
19777.6
19777.6
19777.6
19777.6
20606.5
20606.3
20606.3
20606.3
20606.3
20606.3
20606.3
20967.5
20976
20976
20976
20971.9
20971.9
20971.9
20973.9
20978.5
20978.3
20717.7
20717.7
20619.8
20619.5
22030
22030
18678
18678
18698.8
18698.9
18696.7
18696.6
18696.6
18696.6
18696.6
18697
18696
18679
18679
18450.7
19217
19217.5
19217.5
19217.1
19217.1
19209.3
19210.4
19210.4
20484.1
20493.9
20494
20494
20520.3
20520.2
20520.2
20520.2
20520.3
20403.6
20414.1
20414.1
20414
20414
20190
23159.7
23710
23709.4
21452.5
21445.8
21445.8
18895.3
18924.2
17457.6
17457.5
17457.5
16899.1
16899.1
18231.9
18232.2
18232.2
16496.3
16495.7
16502.9
16507.7
16507.7
16496.4
16499.8
14357.5
14357.5
14357.8
14379.1
14379.6
14380.1
14380.1
14377.5
14377.5
14377.5
14377.5
14509.8
13239.2
13239.4
13187.3
13186.4
13182.8
13183
13182.9
13183
13182.9
13182.9
13180.6
13180.6
13180.2
12132.1
10868.7
10869.8
10869.8
10869.6
10187.6
10187.4
10181.4
10181.4
10181.4
10250.3
10593.7
10593.7
10593.7
10593.7
10785.8
11748.2
11748.2
11749.4
11749.5
11749.5
11749.2
11749.2
11749.2
11749.2
11749.2
11749.1
11749.2
11749.3
11762.2
11762.2
11762.2
11769.4
11801.6
11801.9
11693.8
11674.6
11674.6
11665.9
11666
11666.1
12122.9
12122.9
12122.9
12122.9
12123.2
15064.4
15064.5
15064.5
15012
15012.2
15011.9
15011.9
15011.7
15020
15020
17350.3
17405.5
17405.5
17405.3
17405.6
17404.9
17234.3
17234.3
17240.2
17240.2
16869.9
16869.9
16869.9
16869.9
16869.9
16869.9
16869.9
16869.9
16149.9
16041.8
16041.8
16041.8
16041.8
16041.8
16041.8
16041.8
15592.1
15592.1
15763.5
16048.6
16130.3
16130.1
16130.6
16130.6
16128.2
16129.7
16129.7
16129.7
16131.9
16020.9
15968.1
15967.9
15553.1
15335.5
14939.8
14939.8
14939.7
14939.3
14939.3
14941.5
14941.5
14941.5
14941.5
14937.9
14937.9
15694.4
15694.4
15694.4
15694.4
15691.8
15691.8
15671
15671.3
15671.3
15791.2
15484
14464.7
14464.7
14464.7
14464.7
14464.8
14464.8
14465.5
13864.8
13864.6
13864.6
13864.6
13864.6
13864.6
13864.7
13860.6
13860.7
13860.7
13860.7
13860.5
13860.5
13860.5
13202.9
13206.2
13442.6
13442.6
13442.6
13442.6
13442.9
12212.5
13062.5
12892.1
12892.1
12892.2
12892.2
12892.2
12901.5
12901.6
12903.6
12903.7
12903.6
12903.5
12537.5
12149.9
12149.7
12149.7
12118.4
12118.4
12118.4
12114.7
12114.3
12114.3
12117.1
12117.1
12117.3
12117.3
12222.5
12222.5
12222.5
12222.5
12221.7
12232.4
12232.4
10900.1
10900.1
10900.1
11729.5
11018.4
11018.4
11018.7
11132.1
11132.1
11132.1
11132.1
11069.6
11069.6
11069.6
11591.7
10445.3
10445.1
10444.9
10444.9
10431.7
10934.2
10934.2
10934.2
10934.2
10934.4
10934.4
10942.9
10960.9
10960.9
10999.1
10999.1
10878.4
10882.4
10882.6
10882.6
10882.7
10882.4
10884.7
10868.8
10868.8
10868.8
10868.8
11278.4
11278.4
11232.9
11232.9
11227.3
11227.3
11227.3
11227.1
11011.9
11014.8
11008
11719.5
11719.3
10891.5
10891.5
10891.5
10891.6
10891.6
10891.9
10019.8
10019.9
10019.9
10024.1
10024.1
10024.2
9863.11
10007.5
10007.5
10007.4
9761.31
9761.31
9747.83
9747.83
9749.81
9749.85
9749.76
9668.46
9523.36
9523.16
9523.16
9592.39
9592.39
9590.05
9590.18
9590.18
9590.36
9570.8
8585.93
8585.93
8585.93
9522.35
9526.69
10437.7
9442.55
9442.55
9298.19
9298.19
9298.19
9298.19
9298.59
9298.62
9298.52
9298.52
9298.52
9288.57
9288.51
9389.66
9389.65
9389.65
9392.15
9382.18
9382.33
9382.33
9382.09
9382.09
9342.23
9349.82
9349.97
9349.84
9349.84
9349.49
9349.49
9349.38
9349.38
9349.38
9349.41
9349.41
9349.41
9347.37
9438.55
9438.55
9487.25
9485.77
9485.42
9869.64
9869.55
9869.29
9869.29
9869.29
9914.08
9914.08
9914.02
9922.19
9923.7
9928.37
9196.71
9196.71
8692.5
8692.5
8692.5
8692.5
8802.96
8802.92
8682.09
8682.23
9292.94
9292.94
9292.92
9292.92
9292.99
9317.94
10093.2
10093.4
10093.4
10153.3
10128.4
10128.4
10200.7
10201.6
10201.6
10145.7
10205.5
10205.5
10205.7
10218.1
10218.1
10218.1
10218.1
10218.3
10218.3
10218.3
10218.5
10218.5
10218.6
10218.6
10218.6
10218.4
10218.4
10218.4
10218.4
9365.29
9365.29
9365.29
9444.65
9449.61
9450.4
9450.4
9386.09
9386.06
9396.71
9396.83
9396.83
9396.83
9457.96
9457.96
9457.96
9457.96
9258.36
9258.36
9258.4
8894.33
8768.58
8769.19
8769.19
8769
8769
8769
8768.93
8768.98
9325.53
9325.53
9329.93
9331.22
9294.23
9294.05
9293.79
9293.72
9293.72
9347.39
9347.39
9347.39
9354.15
9354.15
9354.15
9534.23
9526.08
10029
10987.2
10987.2
10987.2
10987.2
10987
10986.9
10986.6
11327.4
11327.4
11316.5
11316.5
11316.5
11317.1
11317
11317
11316.9
11319.2
11319.4
11317.8
11317.5
11317.4
11317.4
11317.4
11317.3
11290.7
10771.3
10771.3
10771.3
10268.7
10268.7
10268.8
10250.5
10250.5
10250.7
10248.7
10248.7
10248.7
10248.7
10245.3
10245.4
10245.1
10321.6
10321.7
10323.7
10323.7
10326.9
11681.5
11681.5
11553.3
11551.5
11551.3
11567.9
11567.9
11567.9
11578.9
11578.9
11578.9
11578.9
11579
11578.8
11578.7
11578.7
11653.6
11643
11109.1
11109.1
11084.1
11964.8
11964.8
11919.4
11968.6
12203.3
12200
12200.2
12200.2
12196.7
12195.6
12195.8
12195.7
12195.7
12195.7
11198.9
11199.1
11199.1
11199.1
11022
11021.7
11021.8
11021.8
11021.8
11022.2
10254
10254
10254
10176.2
10176.2
10176.3
10266.5
10266.5
10266.7
10605
10593.4
10593.4
10593.2
10593.5
10593.5
10593.5
10455.5
10455.5
10455.5
10455.5
10455.5
10455.3
10455.3
9847.85
9847.65
9847.88
9911.41
9911.41
9911.41
9911.45
9911.45
9911.45
9911.45
9928.26
9924.96
9924.98
9924.98
9927.06
9927.06
9927.06
9927.07
9927.38
9927.38
9927.43
11137.9
11142.6
11142.6
11139.8
11245.9
12109.8
12109.1
12109.1
12109.1
12960.1
12960.1
12964.7
12943.5
12944
12944
12728.5
12723.8
12119
12119
12119
12119
12117.6
12117.5
12117.4
12121.8
12121.5
11839.1
11839.4
11838.5
11838.3
11838.5
11838.6
11838.2
11838.2
11838.5
11843.4
11812.7
11822.6
11812.8
11812.8
11809.3
12456.4
12515.6
12515.6
13277.1
13277.1
13431
13431.3
13436
12324.8
12324.5
12324.3
12323.7
12323.7
12324.5
12324.5
12324.5
12247.1
12247.1
12310.7
12405.1
12630
12630
12558.6
12558.6
12558.6
12547
12752.6
12752.8
12752.8
12752.8
11828.1
11828.2
11825.5
11825.5
11889.3
11889.3
12105.5
12105.6
12082.2
12088.8
12095
12392.7
12289.7
12290.8
12291.3
12078.4
12078.4
12078.4
12152
12152.1
12151.8
13030.1
13030.1
13030.6
13030.6
13030.6
13030.6
12486.1
12377.7
11295.7
11413.1
11413.1
11413.2
11402.4
11387
11387
11387
11387.1
11386.3
10406.2
10406.2
10231.8
10164.2
10164.2
10164.2
10164.2
10164
10164
10164
10164
9476.79
9476.79
9476.79
9476.79
9476.65
9877.58
9877.75
10455.5
10455.4
10455.4
10524
10644.4
11645.9
11645.9
11130.6
11130.6
11130.8
11130.8
11131.1
11131
11328.7
11328.4
11328.4
11334.3
11334.3
11334.3
11134.8
11134.7
11134.9
11135.1
11138.2
11138.2
10969.4
10969.2
10969.5
10952.1
10808.1
10805.9
10805.9
10805.9
10806
10806
10925.3
10925.3
10926.5
10930.8
10930.8
10929.3
10929
10995.5
10995.5
10509.1
10509.1
10509.1
9925.74
9925.74
9925.74
9925.68
9880.13
9880.1
9880.1
9879.81
9879.68
9879.68
9879.66
9879.66
9879.66
9879.53
9879.3
9858.68
9858.68
10026
10026
10026
10026
10025.7
10025.7
10025.1
10025.1
10025.1
10025.1
10020
10020
10020
10020
10020
10102.8
10450.2
10524.9
10522.3
10554.1
10565.4
10565.4
10565.6
10565.6
11037.7
11037.8
11037.8
11037.8
11971.7
11971
11930.4
11936.7
11936.4
11936.4
11936.5
11936.7
11936.7
11936.9
11154.4
11154.4
11154.7
12916.4
12916.4
12916.9
12917
12928.6
12929.4
13431.5
13431.5
13431.5
12913.5
12913.5
12890.1
13652.3
13650.7
13650.8
13283.9
13283.9
13284
13796.4
13790.4
13790.4
13805.6
13805.2
13805.1
13795.5
13790.1
13790.1
13877.8
13877.8
13876
13960.7
13356.1
13356.1
13356.1
13587.3
13587.3
13587.3
13587.3
13636.7
13636.7
13636.7
13636.6
13639.9
13645.3
13645.1
13645.1
13645.1
13644.5
13644.5
12929.1
12929.1
12929.1
12937.7
12937.6
12937.6
12034.1
12082.7
12082.7
12082.7
12082.9
12082.9
12082.8
12082.8
12151
12151
12146.7
12146.7
12147.1
11833.6
11833.6
11846.5
11846.4
11829.7
11904.6
11904.2
11904.1
11936.4
11936.4
11936.4
11685.1
11679.2
11673
11672.9
11673
11673
11673
11546.1
11546.1
11546.1
11546.1
11546.1
11546.1
11548.3
11548.3
11409.7
11497.1
11497.2
11497.2
11200.1
11200.1
11200.3
11200.4
11204.3
11198
11198
11198
10692.9
10692.8
10693.7
10693.8
10693.8
10593.9
10593.8
10593.8
10593.8
10099.2
10099
10099.3
10099.3
10099.3
10099.3
10099.3
10099.3
10401.2
10401.2
10514.1
10514
11077.9
11077.9
11077.9
11077.9
11077.9
11077.9
12127.4
12127.4
12186.2
12183.5
12183.6
12183.5
12183.5
12183.4
12183.4
12183.5
12180
12180
12180.1
12181.3
12124.8
12124.8
12124.8
12124.8
12124.7
12343.7
13164
13164
13161.4
13864.9
13864.9
13864.9
13865
13865.1
13865.1
13864.9
13864.9
13864.9
13864.9
13864.9
13864.7
13864.6
13864.6
13864.6
13869.3
13869.3
13869.3
13869.3
13869.3
13869.3
13869.3
13869.3
13860.6
12921.5
12921.4
14115.1
14115.1
14115.1
14115.1
13586.4
13586.4
13993.7
13993.7
13993.7
13989.1
13989.1
13989.1
13979.7
13979.7
13979.7
13979.7
13979.7
13979.4
13979.4
13979.1
13984.5
13982.8
13982.8
13515.5
13515.5
14405.9
14411
14411.1
13734.8
13930.3
13929.9
13929.9
13929.9
13817.3
13817.2
13817.2
13819
13813.8
13813.8
13797.4
14528.1
14528.1
14528.1
14531
14593.6
14593.4
14593.4
14593.4
14608.2
14534.3
14534.3
14534.3
14036.2
14036.2
15080.6
15080.7
15080.7
15080.7
15080.7
15080.6
14370.2
15371.3
15371.3
15371.3
15371.3
15371.3
15371.3
15371.7
15371.7
15371.6
15878
15808.5
15808.5
15808.5
15775.4
15774
15774
15774.1
15774.1
15774.1
15774.1
15774.1
15774.1
15777.6
15775.8
15775.7
15775.7
15781.8
15781.9
17762.5
17762.5
17762.3
15530.5
16382.2
16382.2
16382
16382
18263.6
18263.5
18263.5
18263.5
18263.5
19091.3
19091.1
19091.1
19091.2
19091.2
19091.2
19091.5
19091.5
19091.5
19091.4
19091.5
19094
19094
19094
19094.4
18581.8
18581.8
18581.8
18581.8
18582.2
18582.2
18582.3
18582.3
18773.9
18837
18837
18809.2
18809
18809
18809
18809
18689.9
18689.9
18688.4
18620.5
18620.3
18616.9
18616.9
18616.9
19898.7
21144.3
21296.4
21296.3
21296.4
21296.4
21296.4
21296.4
21296.4
21301.9
21302
21302.1
21302.1
21500.4
21500.4
21500.3
21500.3
21500.4
21500.4
21500.4
21495.9
21495.8
21495.9
20964.7
20771.3
20772.1
20771.7
20771.7
20771.5
20771.7
20771.8
22944.4
22944.4
22944.3
22944.3
22944.3
22944.4
22944.4
22944.4
23011.8
21222.9
21222.9
21069.8
21069.8
21069.8
21069.8
21069.8
19382.1
19382.1
19382.1
19382.1
19145
19136.5
19138.4
19138.4
19143.8
19143.8
19143.8
18936
19984.9
19984.9
18412.8
18404.1
18405.4
18405.4
18391.9
18404.5
18404.5
18404.5
19259.2
19098
19231.3
19231.3
19231.6
19231.6
19203.6
19203.6
19201
19209.9
19209.9
21189.6
21189.3
21189.4
20444
20474.9
20469.3
20450.8
20451.4
20464.1
20464.1
20464.1
20354.3
20354.3
20354.3
20354.3
20354.3
20354.3
20354.5
21337.3
21348.1
21348.1
21350.5
21350.5
21350.4
21357.8
21357.8
21357.8
21357.9
21357.9
21801.6
21032.3
21032.3
21032.3
21032.3
21032.2
21214.6
21214.5
21197.6
21197.6
21197.6
21220.5
21220.5
21220.4
21220.4
21219.9
21220.1
21219.8
21219.8
21360.5
21360.5
21360.5
26107
26105
26111.8
26111.8
26111.8
26111.5
26111.5
26111.3
26085.2
26085.2
26083.2
27032.2
26085.3
26085.3
26085.3
26085.3
26032.7
26033.2
26038
26038
26038.1
26002.6
27314
27314
27314
31532.2
31532.2
32547.6
32547.6
28692.9
28537.7
28537.1
24905.2
24905.2
24905.2
24902.9
24902.9
24902.9
24903.2
24903.1
24903.1
24903.1
24903.1
24903.1
24903.1
24250.9
24373.8
24373.8
24373.8
24373.8
24373.8
24382.1
24380.3
24380.3
24380.2
26277.9
26277.9
24499
24586.3
24586.3
24586.3
24586.4
24586.3
25089.1
25089.2
25090.8
24036.3
24268.1
24266.8
24266.8
24251.3
24234.8
24234.8
24234.8
24266
24266
24343.1
22740
22748.8
22748.4
19823.9
19823.9
19823.9
19823.6
19829.6
20258.4
20258.3
20266.5
20266.5
20266.5
20266.5
20266.5
20266.6
20266.6
20266.6
22070.3
22070.2
22084.7
21036.8
21193.2
21732.2
21732.2
21732.2
21732.2
21732.2
21769.9
21769.9
21770.1
21770.1
21783.7
21723.6
20446.4
22759.7
22759.7
22759.7
22759.7
22759.7
22759.7
22759.7
22759.7
22759.7
22759.7
22759.7
22759.6
22759
22758.8
22758.7
22758.8
22764
22764
22764
22764
25514
25514
25514
25514
25513.8
23807.8
23807.8
23807.8
23807.8
23807.1
23840
23840.1
23840.3
23840.3
24832.3
24832.5
24832.5
24788.8
23093.7
23093.8
23093.6
23093.6
23093.6
23097.6
23097.5
23097.8
23097.8
23584.4
23584.4
23584.5
23584.5
23584.5
23584.5
23584.5
23584.5
23593
23623.3
23623.3
23621.3
23618.4
23618.2
23613.8
23613.8
23613.7
23613.7
23613.7
23605.3
23605.3
23605.3
23605.3
23605
23605
23534.5
23534.5
23534.5
23534.5
23534.5
23525.5
23525.8
23526.3
23526.3
23336.1
23389.7
23389.7
23389.7
23389.7
23389.7
23389.8
23389.8
23389.6
23389.4
23389.4
23389.8
23389.8
23096.4
21826.3
21821.7
21822
21672.1
21670
21670
21664.6
21664.6
21647.7
21647.7
21700.7
21700.7
21697.3
23847.4
23847.4
23847.7
23847.7
23847.8
23847.8
23847.8
23837.2
23837.2
23837.2
23837.2
23837.2
23837.2
23837.3
23837.3
27269.4
27269.4
27269.1
27269.1
27269.3
24795.4
24795.4
24795.4
24795.6
24788.9
24788.9
25449.2
25449.5
25062.8
25062.8
25062.9
25062.9
24938.7
24938.7
25114.7
25114.7
25114.7
25114.7
25114.7
25114.7
25114.6
25114.6
25114.7
25114.7
25114.7
25110.7
25110.7
25103.9
24988.8
24986.8
24986.8
24986.6
24986.8
24986.8
24986.8
24998.8
24998.8
24998.7
24998.7
25102.7
23997.9
21775.2
21766.3
21761.7
21761.7
21761.7
21761.7
21761.7
21761.6
21761.6
21761.6
21761.6
21761.5
21761.5
21761.5
19972.3
20005.2
19930.8
19930.9
18588
18663.8
18663.8
18663.8
18805.6
18805.9
18805.6
18806.1
17018.4
17017.5
17001
17530.7
18302.7
17485
17607.8
17607.6
17608.1
17608.3
17623
17623
17622.6
17795.1
17795.1
17795.1
17795.1
17795.1
17795.3
17776.7
17776.6
17788.4
17788.5
17838.3
17838.3
17838.2
17838
19334
19334.1
19357.1
19357.1
19356.8
19356.8
19356.8
19355.2
19355.2
19360.9
19360.8
19360.9
19360.9
19360.9
19369.9
17509.3
18116.9
18109.4
18109.4
18295.4
18295.4
18295.1
18295.2
21915.9
21917.4
21762.9
21661.7
21661.4
21661.4
21661.4
21661.4
21674
21674
21674
21674
21674
21674
21674.2
21674.2
21674.2
21674
21674
23610.6
23610.5
23610.8
23610.8
26336
26335.9
26335.9
26335.9
26335.9
26335.9
26335.9
26338.4
26338.4
26338.4
26338.4
26336
26336
24751.9
23280.8
23280.8
23280.8
23280.7
23280.7
23280.7
23280.7
23282.2
23282.2
25551.1
25551.4
25551.4
25551.4
25551.3
25551.3
25551.3
22976.9
22976.9
23053.6
23053.6
22829.7
22829.7
22829.7
22829.6
22829.6
22829.6
22829.9
22829.9
22829.9
22830.6
22830.6
22830.6
19854.6
19787.2
19787.2
19787.3
19932.3
19932.8
19932.8
20798.3
20791.5
23983.2
23888
23888
23888
25126.1
25126.1
25126.1
25126.1
25126.1
25256.4
25668.9
25668.7
25668.7
25668.7
25672.8
25672.8
25672.8
25672.8
25673.3
25673.1
25672.5
22668.3
22668.3
22668.3
21166
21150.9
21150.9
21164.8
21164.8
21164.8
21164.7
21137.8
21137.8
21137.6
21147.9
21159.2
21159.1
21159.1
21341.9
21342.1
21340.4
21341.9
21339
21339
21338.9
21338.9
21338.9
21338.9
21338.9
21338.9
21338.9
21338.9
27267
27267
27267
27267
27267.3
27274.7
27274.7
27274.7
27327.5
27327.3
27327.3
27327.2
27327
27327
26071.9
26071.8
26071.8
26071.7
26071.7
26071.7
26065.2
26065.2
26065.1
26065.2
25331.8
25331.8
25331.8
25329.6
25329.6
25329.6
25325.3
25342.9
25343
25343
25343
25343
25342.4
23303.9
23193.5
23193.5
23193.5
23200.7
23200.7
23266.9
23266.9
23266.9
23253.4
24449
24449
24232.3
24002.5
22171.6
22170.4
22170.4
22170.1
22170.1
22170.1
22144.7
22051.4
22051.4
22051.4
22077.8
22967.8
22967.8
21904.1
21904.1
21904.1
21904.2
21904.2
23662.8
23662.8
23662.8
28192.5
28192.5
28192.5
28192.5
28190.6
28190.6
28190.2
28786.5
28783.5
28783.5
29754.6
29754.8
29755
30584.4
30584.4
30584.2
29767
29762.5
29757.5
29758.7
29758.8
29758.8
28629.3
28629.3
28629.3
28629.3
28629.3
28629.3
28629.3
28629.3
28629.3
28629.3
28629.3
28350.8
28350.6
28350.6
28350.6
28350.4
28350.4
28350.4
28086.4
28086.4
28086.4
28086.4
28392.4
28392.4
28392.5
28392.8
28392.8
28392.8
28392.9
28392.9
29451.7
29487.1
29488.8
29488.8
29491.7
29491.9
29491.9
29491.9
29491.9
29491.9
29508.9
29508.9
29549.5
29549.5
29549.5
29549.5
29549.5
29549.5
29549.5
29549.5
30994.3
30994.3
30994.1
30994.1
30994.2
30994.2
30994.4
30994.5
29981.5
29981.5
29981.9
29981.9
30006.1
30006.1
30005.9
30005.9
30008.2
28517.6
28517.6
28139.4
28139.4
28159
28330.5
28330.4
29182.1
29182.1
29182.1
30636.4
30636.7
30636.6
30636.6
30636.4
30550.6
30532.6
32219.2
32219.2
32219.2
32209.4
30777.5
32662.1
32663
32663.2
32663.2
32663.1
32668.9
32673.2
32673.2
32673.2
32673.2
32673.2
32644.9
32630.9
32630.9
33121.6
33121.8
33121.6
33121.6
33189.7
33189.7
33191.6
33202.7
32262.3
32262.3
32262.3
32262.3
32261.9
32261.9
32261.9
32261.9
32261.8
32261.8
32261.8
32261.8
32261.8
32261.8
32261.8
32262.4
32573
32573
32603
32603
32603
32603
32603
32684.3
32684.3
32684.3
32933.8
32931.9
32931.9
30273.9
30273.9
30273.9
30274.2
30274.2
30274.2
30274.1
30274.2
30274.3
30274.3
30274.3
30274.3
30274.3
30331.5
30331.6
30331.4
30331.4
31061.1
31061.2
31061.2
31204.8
31204.8
31205.3
31209.1
31299.5
31299.5
31304.8
31290.3
31290.3
31290.3
31198.9
31198.9
31198.9
31187.6
31187.6
31187.6
31187.6
31187.4
31094.3
28085.3
28085.6
28085.8
28085.5
28085.5
28085.5
28085.7
28085.8
28085.8
28085.9
28085.9
28085.8
28085.8
28083.2
28086.9
28495.2
28495.3
28482
28497.8
28497.8
28497.7
28484.3
28484.3
27450.9
27450.9
27160.9
27160.8
27160.8
27161.1
29304.9
30464.2
30464.2
30464.2
30460.2
30460.2
32757.3
32756.8
32756.8
33002
33002
33002
33002
33002
32678.5
32678.8
32678.8
32620
32619.9
32620.2
32620.3
33946
33946
33946
33956.8
33956.8
33956.8
33956.8
33956.9
33956.9
33956.2
33956.2
33956
33956
33956
33956
33956
33956
29948.1
29948.1
29948
29948
29948
29949.6
29931.3
29931.1
29932.5
29932.5
30978
30962.9
31190.4
31190.6
31197.3
32182.8
32182.8
34925.1
34925.1
35516
35516.5
35516.5
35516.4
35516.4
35516.4
35468.5
37636.6
37636.6
37636.3
38820.1
38825.4
38825.3
38825.3
38825.5
38825.5
40782.9
40782.9
40782.5
40782.5
41006
41006
41006
41637.1
41637.1
41636.9
43920.2
43922.8
43922.9
43803.3
40191.4
40021.6
40008.1
40008
40007.8
40007.8
40011.8
40012.1
39827.4
39827.4
39827.4
39827.2
39827.2
39827.2
39827.2
39561.8
39755
44002.3
44002.3
39682.2
39682.2
39682.2
39682.9
39682.9
39203.1
39209.9
39209.9
39233.4
39233.6
39233.6
39233.6
39252.6
39253.5
39253.2
39253.2
39254.9
39254.9
39515
39515
39514.9
39503.9
39503.9
39482.9
39615.5
39427.8
39427.9
41712.7
41712.7
41712.7
42261.9
42235.4
42235.4
42230.9
42230.9
42230.9
51089
51088.9
51088.9
51088.9
51053.8
51053.4
51053
51053
51053.1
51053.1
51501.7
51501.7
51501.9
53404.4
53352.9
53351.3
53351.3
53351.3
53341.8
53341.8
53341.8
53413.5
53465.1
53465.1
53470.2
53470.3
53280.9
53280.9
53280.9
53280.9
53280.9
54186.2
54186.2
54317.1
49790.3
49790.3
49790.2
50151.8
50151.8
50151.8
50151.8
47863.6
47863.6
42651.3
42651.3
42544.5
42544.5
42544.5
42302
42302
42301.1
42286.8
49069.7
49069.7
49056.1
49056.2
46727.3
46727.4
46727.4
46727.4
46727.6
44860
42870
42875.9
42875.9
42875.8
42876
42876
39527.3
39527.3
39527.2
39527.2
39526.7
39526.7
36430.3
35821.8
35821.8
35821.9
35819.2
35814.1
35950.3
35945.2
35945.2
35945.2
35945.2
38327.5
31668.2
31668.2
31668.2
31668.3
31674.8
31674.8
31674.8
31674.9
31674.9
31675.2
31675.1
31675.1
31728
31728
31668
31667.9
31667.9
31667.8
31666.4
31666.4
31666.4
31796.7
31796.7
31796.7
31796.7
31796.7
31796.7
31796.7
31796.7
31318.3
31318.2
31318.2
31318.2
28476.2
26869.5
26548
26548
26548.5
26564.8
26564.8
26474.3
26474.3
27931.5
30677.7
30677.7
28715.7
28715.7
28914.4
28914.4
28914.4
28914.4
28914.4
28723
28723
28814.8
28926.7
28926.7
29362.6
29362.6
29931.7
29931.8
29931.8
29932
29931.7
29931.6
29507.8
29507.8
29370
29370
28106.3
28106.3
28106.3
27966.4
27966.4
27966.4
27966.1
30677.8
30678.1
30678.2
30678.2
30678.5
30678.6
30678.6
30678.6
30678.6
27359.9
27359.9
27632.5
27633
25325
25325
25325
25325
25320.5
26206.9
26206.9
25154.5
25154.7
25154.6
25339.8
27389.7
27389.7
27389.7
27389.3
27389.3
27389.3
26787.7
26806.9
26806.9
26705.4
26703.1
26593
26589.8
25671.9
25459.1
25337.9
25307.3
25307.4
25307.4
25307.4
25307.4
25307.4
25485.4
25495.9
25495.9
25495.9
25495.9
25495.9
25495.9
25496.2
25476.4
25473.5
26219.9
26219.9
26219.9
26219.9
26204.4
21675
21390.5
21390.1
21389.9
19641.5
19641.3
19629.9
19629.9
19629.9
19629.9
19630
19630
19630.1
19630.1
19630.1
19630.1
19650.5
19650.5
19650.5
19966.3
20542.7
20542.8
20542.8
21941.8
21941.8
21849.6
21849.6
21849.6
21849.6
21849.6
21849.7
21883.3
21883.3
20786.5
20786.5
20786.5
20786.4
20786.4
17536.3
17535.3
17535.3
17535.3
17535.3
17535.3
17535.3
17535.3
17535.3
17499.7
17499.7
17499.7
17499.6
17492.2
17492.2
17482.7
17482.7
17471.6
17454.1
17452.6
17452.4
17452.4
17452.4
17452.2
17304.6
17304.6
17304.8
17301.4
17466.2
17466.2
17466.3
17466.3
17466.4
17466.3
17467
17467
16767.1
16355.3
16355.4
16355.6
16334.9
16334.9
16335
16458.5
16458.5
16458.4
16458.4
16458.4
16458.4
16479.5
16479.5
16479.5
16479.5
16479.5
16245.8
16245.9
16245.8
16245.8
16245.8
16245.8
15546.7
16114.3
16035.2
15447.2
14061.2
14060.9
14060.9
14060.9
14043.2
14043.4
14043.4
14043.4
14043.4
14043.4
14043.4
13782
13782
13782
13782
13067.8
13068
13068
13067.8
13068.8
13068.8
13068.8
12505.9
12505.9
12505.9
12426.1
12436.3
12436.3
12156.9
12443.1
12443.2
12405.5
12567.4
12567.2
12567.2
12567.2
12567.4
12567.1
12660.9
12956.5
12956.4
12497.7
12474
12445.6
12445.6
12445.6
12445.5
12445.3
12685.7
12685.7
14084
14084
14084
14084
14075.6
14075.6
14075.6
14073.9
14074
14068.8
14068.8
14068.8
14068.8
14072.6
15370.8
15370.7
15370.7
15370.7
15373.9
15373.9
15373.9
15231.1
13786.8
13794.1
13794.1
13794.1
13804.2
13804.3
14248.6
14248.6
14240.3
14245.8
14245.8
14245.8
14245.8
14245.8
13958.4
13957.8
13957.7
13039.7
13039.7
13039.8
14002.7
13991.8
13991.8
13971.1
13971.1
13972
13972
13972
15555.7
15555.7
15563.7
15435
15435
15435
15435.1
15430.4
15430.6
15430.6
15430.6
15613.4
15615.4
15615.2
15615.2
15615.1
15615.1
15590.9
15448.8
15448.8
15448.6
17706.6
17706.6
17706.6
17706.3
17706.2
17706.4
17706.2
17706.2
17705.9
17705.9
17705.9
17705.8
17705.8
17705.8
17665
19433.2
19433.1
19433.4
19433.3
19433.3
19432.6
19432.6
19432.7
19432.6
19432.6
19432.6
19432.6
19432.6
19432.6
19432.6
19432.6
19300.9
19298.7
19298.7
19283.2
21648.9
21676.1
21676
21797
21251.5
20913.1
20933.1
20933
20933.1
20934.8
21569.9
21569.9
21585.7
21585.7
21585.7
20948.6
20948.6
23782.8
23731.6
23731.6
23731.6
23731.6
23731.5
23731.5
23731.5
23927.2
21594.1
21594
21594
21593.6
21593.6
21593.6
21593.6
21195.7
21209.6
21209.6
20636.3
20622.2
20622.2
20622.2
20535.3
20108.5
20068.4
20068.4
20068.4
20079.1
20079.1
20079.1
20079.1
20079.1
18301.9
18289.8
18290
18274.2
18273.6
18592.4
18592.3
18649.4
18669.8
18669.8
18669.8
18672.5
18671.5
18671.6
18683.8
18683.6
18683.6
18683.7
18683.7
18683.7
18683.7
17263.5
17878.7
17878.7
17942.8
16498.3
16477.7
16477.7
16479.9
16479.9
16560.3
16560
16559.8
16559.8
16559.8
16559.8
16008.4
16077.9
16077.9
16078
16078
16078
16079.7
16169.3
16169.3
16169.1
16169.1
16169.1
16169.1
16169.1
16169
17266.3
17266.3
17266.5
17266.5
17407.1
17407
16734.5
16734.5
16734.6
16172.3
16172.3
17467.5
17648.7
18488.6
18488.6
18488.5
18488.5
18488.5
18488.5
18488.5
18488.7
18489.1
17473.5
17473.5
17473.4
17473.4
16014
16004.2
16069.5
16069.6
16070
16072.4
16186.7
16183.8
16053.1
16053
16052.9
16052.6
16052.6
16051.6
16042.8
16042.8
15934
17155.3
17016.3
17016.2
17016
17016
17016
17147.6
18033.3
19332.8
19332.8
19299
19298.8
19310.6
19310.6
19307
19307
19307
19307
19037.3
19037.4
19037.4
19037.4
19037.4
19037.4
19037.5
19037.5
19032.2
19032.2
19032.1
16271.8
16691.1
16691.1
16691.1
16691.1
16691.2
16687.2
16687.3
16684.5
16684.6
16694.7
16708.2
16708.2
16708.2
16970.1
16607.1
16564.8
16466
16466
16466
16465.9
16472
15166.4
15166.4
15166.4
15006.8
15009.2
15009.2
13870
13870
13816.9
13822.7
13822.7
13822.7
13821.3
13821.3
13821.3
13884.6
13888.3
13888.2
13954.8
13954.8
13954.7
13954.7
13954.5
13676.1
13814
13814
13814
13815.3
13930.5
13176.4
13176.4
13176.4
13183.3
13183
13182.9
13182.9
13168.3
13168.3
13168.3
13168.1
13168.1
13157.5
13157.5
13157.5
12547.7
12546.2
12548.9
12548.9
12548.9
12545.6
12545.5
12855.5
12855.5
12430.5
11765.8
11765.8
11765.8
11765.8
11765.8
11765.8
11765.8
11766.1
11766.1
11766.1
11766.1
11766.1
11769.9
11963.7
12394.6
12394.5
12611.1
12611.1
12676.3
12676.3
12670.4
12670.4
12670.4
12666
12666.2
12666.1
12666.1
12666.1
12829.8
13842.5
13842.9
13842.9
13829.4
13829.4
13828.5
13828.5
13828.4
13828.4
13873.8
13873.8
13873.8
13873.9
13472
12738.2
12738.3
12738.3
12738.1
12551.7
12546.3
12546.3
12546.1
12453
12453
12447.8
12447.8
12447.8
12548.9
12548.7
12975.3
12975.3
12975.3
13063.1
13180.7
13180.4
13180.3
13180.3
13180.3
13180.3
13180.4
13180.3
13180.3
13180.3
13180.3
13600.1
13600.1
13600.1
13600.1
13600.1
13598.7
13595
13595
13594.9
13594.9
13578.1
13578
14732.2
14732.2
14532.5
14532.5
14536
14536.3
14536.3
14536.3
14184.7
14184.7
14184.7
14190.2
14190.2
13012.2
13012.2
13012.2
13012.2
13012.3
13012.3
14031
14159.1
14159.1
14159.1
14156.9
12838.9
12838.9
12838.9
12841.2
12841.2
12841
12841
12831
12831
12831.1
13251
13251
13250.9
13851.2
13851.2
13851.2
13851.1
13851.1
13851.1
13851.1
13835.7
13835.7
13970.1
13970.1
13999.8
13989.5
13989.5
13989.5
13989.7
13989.7
13989.7
13981.8
13981.7
13981.7
13981.9
13982
13310.7
13310.7
13310.7
13310.7
13310.7
13310.6
13310.6
13310.6
13310.6
13310.7
13311.1
13311.1
13311.1
13248.3
13248.1
13248.1
13247.9
13246.6
13246.8
13245.6
13245.4
13245.4
13245.4
13245.5
13245.5
11603.7
11603.7
11603.9
11632.8
11632.9
11632.9
10803.1
10803.1
10817.6
10817.6
10817.6
10817.5
10817.5
10817.5
10817.5
10805.5
9661.5
9661.3
9653.83
9753.78
9753.78
9719.5
9720.91
9720.91
9720.91
9720.91
9720.91
9048.32
9048.55
9048.69
9048.69
9048.69
9048.69
9047.85
9047.78
9047.78
9047.73
9047.73
9047.73
9046.97
8883.63
8883.9
8944.89
8944.8
8944.67
8904.41
8912.17
8912.17
8912.17
8912.33
8912.33
8912.46
8912.46
8920.87
8871.3
8968.04
8967.97
8967.97
8812
8812.44
8812.44
8812.44
8812.44
8812.44
8812.46
8765.43
8765.43
8765.43
9274.06
9274.06
9274.06
9274.32
9274.32
9274.4
9274.4
9274.65
10375.5
10375.5
10375.5
10375.5
10375.5
10375.5
10423.4
10423.3
10423.4
10423.4
10440
10440
10420.8
10420.8
10368.5
10039.3
10039.3
10039.3
10039.3
10039.3
10039.2
10037.1
10036.8
10036.8
10039.7
9841.5
9841.69
9841.69
9839.33
9825
9825.04
9825.04
9825.04
9824.6
10290.4
10290.4
10301.3
10301.3
11200.6
11200.6
10661.5
10661.5
10355.8
10359.5
10354.3
10354.2
10354.2
10347.5
10341.5
10341.5
10341.5
10341.5
10341.5
9992.9
9992.9
9995.66
10025.5
10025.5
10021
11073.3
11073.3
11073.2
11073.2
11073.2
11073.2
11073.2
11073.3
11073.3
11073.5
11028
10481.9
10481.9
10481.8
10490.2
10752.8
10752.8
10862.9
10862.9
10862.9
10862.7
10862.7
10862.8
10862.8
10862.8
10830.2
10830.2
11135.3
11126.3
11123.8
11123.8
11123.5
11123.5
11123.5
11123.5
9904.69
10052.1
10046.3
10046.3
10046.3
10124
10123.9
10123.9
10123.9
10123.9
10123.9
10123.9
10123.9
10337.7
10337.7
10337.7
10337.7
10337.7
9858.37
9858.37
9858.37
9974.23
9974.23
9974.23
10358.4
10315.6
10315.6
10315.6
10315.6
9691.62
9706.09
9706.09
9706.09
9706.09
9706.1
9783
9952.28
9953.07
9952.98
9952.98
9944.73
10104.8
10104.9
9520.04
9521.97
9521.97
9521.97
9521.97
9521.97
9521.97
9522.04
9522.08
9521.87
9891.73
9891.73
9891.73
9891.76
9891.76
9907.36
9912.23
9975.85
10478.7
10478.7
10603.9
10603.9
11061.9
11062.2
11062.2
11062.1
11062.1
11062.1
11062.3
11062.3
11062.3
11062.3
11062.3
11062.1
10680.4
10680.3
10680.4
9827.1
9910.03
10177.7
10177.7
10173.2
10173.2
10414.3
10362.3
10362.4
9962.53
9962.53
9966.69
9966.62
9966.57
9937.82
9937.82
9781.89
9781.91
9781.91
9781.91
10339.4
9575.82
9575.82
9575.69
9575.69
9575.69
9575.69
9575.69
9575.69
9575.69
9579.05
9579.05
9624.87
9624.77
9624.77
9624.86
9625.56
9625.56
9625.46
9625.33
9625.33
9635.81
9635.81
9635.81
9035.41
8931.82
8931.82
8937.43
8937.43
8937.47
8921.58
8925.64
8925.64
8925.64
8925.64
8925.64
8925.64
8925.64
8925.64
8925.64
8925.66
8925.66
8925.66
8841.24
8841.26
8841.26
8841.23
8841.23
8841.28
8704.4
8704.43
8531.27
8533.22
8533.22
7935.64
7686.67
7646.77
7646.77
7646.73
7646.73
7646.73
7646.73
7646.73
7304.43
7304.49
7799.14
7799.17
7799.17
7799.17
7798.89
7891.68
7891.68
7737.71
7805.77
7759.64
7759.49
7759.8
7759.8
7759.8
7758.53
7758.53
8321.74
8321.95
8321.95
8321.99
8321.99
8556.39
8556.45
8460.27
8460.27
8460.27
8460.27
8460.18
8460.18
8460.18
8460.13
8484.73
8484.73
8484.73
8484.76
8484.76
8484.76
8484.76
8484.62
8289.46
8636.25
8636.25
8633.04
8633.04
8633.07
8633.18
8759.63
9095.15
9095.24
9095.24
9102.57
9102.72
9102.72
9102.84
9102.82
9102.07
9102.07
9102.07
9102.07
9108.47
9108.47
9108.7
9046.65
9046.65
9046.65
9046.65
9046.47
9046.47
9874.43
9874.42
9877.37
9772.48
9772.48
9772.52
9879.07
9879.45
9879.45
9879.43
9879.52
9879.52
9879.49
9879.48
9879.53
9878.28
10134.6
10134.6
10134.6
10522.4
10522.4
10521.2
10521.2
10521.2
10521.2
10521.2
10521.3
10503.1
10503.1
10503.1
10503.1
9274.1
9573.04
8735.84
8735.84
8735.84
8735.84
8735.83
8735.83
8735.61
9475.1
9475.04
9482.71
9482.7
9482.7
9481.58
9481.58
9633.71
9341.89
9351.84
9351.82
9351.92
9519.79
9512.93
9506.09
9505.83
9504.77
9506.69
10479.9
10479.9
10479.9
10479.9
10479.9
10479.6
10479.6
10477
10477
10477
10477
10477
10486.2
10486.2
10486.2
10486.4
10486.4
10486.3
10486.3
10486.3
10486.3
10486.3
10486.3
10486.3
10486.3
10486.2
10486.2
10486.2
10486.2
10491.7
10491.7
10504.5
10504.5
10209.2
10209
9830.2
9830.2
9830.2
9830.2
9830.2
9830.18
9830.16
9613.39
9613.41
9614.21
9614.21
9605.11
9605.06
9605.06
9605.06
9605.06
9598.36
9571.03
9564.68
10081.3
9133.26
9133.58
9133.72
9133.57
9083.25
9083.28
9083.56
9083.56
9083.56
9083.17
9083.17
8756.26
8756.26
8756.26
8756.26
8756.2
8835.2
8836.3
8861.46
8861.46
8861.46
8802.85
8802.88
8607.4
8516.53
8516.53
8516.41
9251.95
8808.99
8808.99
8712.41
8982.57
8982.57
8982.61
8982.61
8982.76
8172.1
8065.71
8065.71
8061.16
8061.27
8061.27
8061.26
8086.66
8131.57
8182.04
8182.04
8182.04
8172.61
8172.61
8123.56
8123.56
8137.37
8137.37
8137.34
8137.34
8137.34
8137.48
8137.47
8137.39
8137.4
8137.4
8137.45
8197.44
7560.53
7604.84
6956.69
6915.71
6915.71
6915.71
6915.71
6915.76
6918.21
6964.57
6964.66
6964.64
6973.03
7016.97
7016.97
7016.97
7016.73
7075.13
7075.06
7075.06
7075.09
6467.67
6464.76
6464.76
6377.38
6394.46
6339.69
6339.66
6336.47
6369.12
6369.13
6369.12
6364.88
6493.36
6493.36
6493.36
6194.34
6194.39
6194.39
6203.83
6203.88
6203.88
6203.88
6250.69
6292.96
6341.32
6341.74
6341.69
6341.69
6404.29
6404.61
6410.13
6410.16
6410.16
6406.19
6405.96
6405.96
6405.96
6323.3
6391.42
6391.28
6391.28
6391.16
6329.53
6332.74
6332.81
6325.64
6325.64
6325.64
6205
6204.96
6204.96
6204.96
6204.96
6204.86
6204.86
6204.86
6278.98
6278.98
6278.98
6278.98
6278.67
6085.92
6086.14
5986.54
5986.54
5985.99
5985.99
5986.11
6201.43
6200.06
6617.51
6617.51
6617.51
6638.82
6638.82
6617.46
6949.15
6874.57
6874.45
6874.44
6874.35
6874.17
6874.14
6881.04
6881.13
6848.16
6848.16
6848.15
6848.15
6848.28
6848.28
6848.28
7130.24
7158.72
7958.37
7958.37
7958.37
7958.44
7958.44
7799.38
7807.65
7810.35
7810.35
7810.35
7810.19
7810.22
7810.13
7810.33
7810.33
7810.33
7810.33
7510.26
7123.69
7123.83
7208.24
7207.15
7207.15
7207.15
7207.15
7207.33
6927.05
6866.05
7066
7070.93
7074.52
7092.81
7092.88
7092.88
7092.88
7092.88
7092.88
7093.28
7093.46
7099.46
7099.67
7099.71
7099.51
7099.49
7099.45
7099.45
7099.45
7099.55
7009.99
7067.39
7070.13
7070.13
6984.45
6984.45
6984.29
6971.43
6971.27
6971.27
6971.27
6971.27
6971.35
6971.49
6471.5
6471.32
6471.32
6471.32
6471.32
6471.33
6471.53
6471.53
6471.53
6470.44
6468.97
6468.97
6634.21
6634.15
6634.15
7113.58
7252.82
7252.8
7252.76
7276.15
7276.11
7276.11
7276.11
7276.5
7276.48
7256.45
7256.45
7256.45
7256.45
7256.45
7250.94
7061.97
6978.93
6978.92
6978.92
6978.92
6978.87
6978.88
6978.88
6971.7
6971.44
6971.13
6953.35
6953.35
6953.35
6770.33
6900.4
6900.16
6960.78
6960.78
6960.78
6960.38
6960.38
6960.3
6960.3
6960.34
7289.36
7289.95
7289.86
7286.58
7286.58
7287.55
7287.55
7287.55
7287.17
7287.17
7287.17
7287.17
7287.11
7287.11
7243.2
7237.39
7237.39
7237.39
7218.27
7218.17
7218.08
7218.07
7218.07
7218.07
7989.28
7989.25
8006.27
8006.27
7914.32
7914.32
7747.9
7747.9
7747.9
7747.9
7704.78
7704.78
7704.52
7745.44
7745.44
7745.44
7745.49
7745.49
7821.1
7826.25
7847.88
7847.85
7847.91
7847.86
7847.9
7847.9
7847.9
7847.9
7847.9
7847.87
7847.86
7847.86
7847.86
7861.78
7837.46
7837.44
7837.33
7837.33
7804.19
7833.01
7833.01
7833.01
7833.05
7833.05
7865.08
7865.08
7874
7885.34
7882.37
7882.35
7882.35
7882.45
7882.45
7880.15
7820.79
7820.81
8111.26
8111.13
7882.84
8010.63
7940.15
7936.47
7935.59
7972.36
8053.96
8053.96
8053.89
8053.84
7974.03
7977.72
7977.21
7977.21
7977.24
7977.24
7946
7946
7946
7946
7946
7946.16
7946.34
7608.4
7608.4
7714.23
7714.23
7751.42
7751.42
7751.42
7751.36
7751.39
7751.19
7751.18
7746.56
7746.56
7658.82
7931.95
7932.3
7932.33
7641.91
7641.91
7461.24
7377.59
7269.41
7270.77
7270.77
7270.77
6910.93
6910.94
7462.86
7462.86
7479.49
7479.49
7479.51
7608.36
7589.99
7589.99
7589.99
7714.81
7714.81
7714.81
7714.77
7714.77
7328.11
7303.69
7303.69
7303.69
7356.65
7356.65
7361.27
7361.27
7361.37
7148.7
7148.05
7148.05
7148.02
7148.68
7221.46
7221.46
7221.46
7221.46
7221.37
7221.37
7229
7229.17
7226.17
6813.62
6813.62
6813.89
6815.7
6826.91
6894.27
6894.27
6894.27
6894.31
6893.79
6909.8
6760.33
6760.57
6759.88
6759.88
6759.88
6502.41
6502.43
6757.82
6757.82
6757.82
6752.73
6752.73
7041.11
7041.11
7041.11
6987.42
6976.66
6976.66
6976.66
6977.56
6977.56
6977.76
6977.76
6977.76
6977.76
6977.58
6977.58
6977.47
6978.41
6978.41
6978.19
6978.19
6978.11
6978.11
6978.11
6978.11
6978.11
6747.13
6617.67
6617.71
6618.91
6618.91
6618.24
6618.24
6119.76
6119.83
6123.66
6123.66
6123.96
6077.21
6077.21
6077.21
6077.21
6077.27
6077.27
6077.47
6077.59
6077.59
6018.6
6018.6
6018.54
6052.34
6052.45
6052.45
6052.45
5759.72
5764.32
5764.7
5764.7
5764.7
5764.7
5764.87
5764.87
5724.26
5721.74
5721.74
5721.78
5723.98
5723.98
5719.86
5719.91
5720.36
5720.49
5720.49
5720.51
5720.51
5720.51
5720.51
5720.43
5720.43
6415.97
6416.02
6416.08
6416.08
6405.99
6409.82
6409.3
6409.15
6409.49
6409.35
6406.01
6406.01
6888.46
6896.72
6888.35
6912.05
6912.05
6666.5
6741
6741.04
6741.04
6544.73
6473.97
6557.99
6558.14
6556.81
6556.81
6556.81
6556.78
6556.78
6556.78
6556.78
6487.6
6488.08
6488.08
6487.96
6487.85
6487.85
6487.97
6487.93
6487.8
6018.05
6018.05
6018.36
6018.36
6018.67
6018.67
6007.24
5828.49
5828.49
5827.48
5827.48
5827.48
5827.48
5827.6
5827.6
5475.58
5475.61
5475.67
5475.67
5473.89
5473.86
5473.86
5473.86
5473.83
5473.83
5473.83
5473.83
5473.83
5473.84
5473.84
5791.1
5790.97
5790.98
5790.98
5748.95
5748.95
5545.86
5545.86
5545.97
5790.2
5704.58
5704.58
5706.92
5617.84
5617.84
5617.84
5596.12
5596.11
5608.07
5608.07
5591.16
5590.9
5591.16
5591.16
5591.16
5591.27
6082.49
6082.6
6082.6
6138
6138
6138
6137.89
6137.89
6137.83
6944.14
6944.59
7334.26
7334.26
7334.26
7338.31
7330.55
7362.1
7237.64
7237.39
7238.07
7235.73
7235.73
7235.73
7233.94
7233.88
7233.88
7457.86
7457.86
7457.88
7456.92
7101.73
7101.73
6873.67
6873.75
6873.75
6873.75
6873.75
6873.77
6713.31
6713.28
6717.11
6716.78
6731.45
6731.45
6712.03
6712.03
6789.82
6793.19
6793.19
6793.21
6793.21
6918.27
6918.27
7109.12
7109.12
7109.12
7109.12
7338.97
7343.78
7343.89
7208.92
7208.92
7208.76
7208.76
7208.83
7208.9
7208.9
7209
7209
7208.89
7207.54
7244.34
7244.34
7425.15
7425.15
7112.96
7113.22
7112.19
7112.19
7383.01
7383.01
7386
7386
7386
7386
7385.93
7386.06
7386.05
7386.05
7618.63
7565.21
7565.21
7565.43
7565.43
7565.43
7565.43
7565.43
7565.29
7631.97
7202.86
7202.86
7202.3
7202.3
7202.3
7202.27
7676.68
7676.68
7676.68
7676.59
7695.6
7695.6
7695.26
7758.18
7757.95
7757.95
7757.95
7757.95
7757.95
7757.95
7757.84
7759.75
7759.75
7759.75
7759.58
7614.75
7674.93
7674.91
8265.82
8265.82
8265.82
8266.54
8257.8
8257.8
8257.8
8257.68
8257.87
8265.97
8265.97
8266.21
8266.57
8267.16
8267.1
9301.14
9298.39
9298.39
9298.39
9298.87
9298.87
9298.87
9298.81
9298.85
9288.82
9288.82
9288.75
9288.75
9301.66
8394.17
8338.11
8338.11
8335.95
8335.97
8537
8537.03
8104.44
8042.11
8041.6
8041.57
8041.54
8041.54
8041.46
8041.46
7780.64
7780.79
7537.03
7536.07
7938.44
8117.7
8117.7
8118.04
8381.56
8320.52
8265.79
8265.79
8254.17
8258.46
8261.74
8261.74
8261.74
8261.65
8261.65
8261.65
8261.65
8261.65
8255.61
8255.61
8255.61
8255.61
8256.03
8315.65
8315.65
8315.65
8315.65
8315.7
8315.7
8315.7
8146.28
8146.28
8146.1
8201.85
8201.79
7905.09
7886.45
7886.24
7886.24
7886.24
7886.24
7878.47
7878.55
7878.55
7878.55
7877.98
7858.12
7883.61
7759.15
7759.15
7762.8
7763.83
7714.92
7715.1
7715.1
7715.25
7739.9
7739.9
7743.93
7737.2
7737.2
7737.13
8122.43
8122.43
8108.11
8108.04
8108.04
8107.04
8024.87
8024.87
8024.87
8024.87
8024.81
8024.86
8024.95
8024.41
8024.34
8023.6
7928.28
7928.39
7923.48
7603.82
7560.44
7560.17
7560.17
7629.3
7833.24
7833.24
7944.26
7944.27
7944.33
7944.33
7944.31
8645.1
8644.9
8644.9
8644.9
7946.31
7946.31
7946.31
7921.8
7921.8
7921.8
7921.8
7921.8
7922
7922
7922
8978.39
8978.27
8978.27
8977.9
8980.49
8980.48
8957.04
9600.68
9600.77
9498.6
9498.6
9490.11
9490.11
9490.11
9490.11
9490.11
9490.87
9537.31
9484.29
9484.29
9484.29
9484.68
9484.68
9484.82
9484.81
9484.81
9484.81
9336.35
9331.34
9331.34
9331.34
9338.15
9081.29
9081.46
9081.38
9692.9
9692.9
9693.02
9693.12
9688.13
9614.19
9614.19
9614.19
9614.19
9888.04
9888.04
9888
9659.75
9659.77
9660.86
9671.37
9671.5
9910
9911.42
9911.42
9743.39
9743.55
9743.55
9746.54
9746.57
9457.9
9457.9
10004
10005.5
10203.1
10203.1
10203.1
10203
9863.54
9863.48
9863.54
10178.9
10178.9
10178.9
10109.6
10109.6
10125.6
10125.7
10125.5
10126
10126.3
10126.4
10126.4
10126.4
10126.3
9977.75
9977.75
9977.75
9975.04
9977.45
9923.79
10645.9
10645.8
10645.8
10242.6
10242.6
10242.6
9570.27
9570.27
9570.09
9570.3
9790.66
9790.66
9790.83
9810.59
9804.38
9804.38
9525.7
9449.78
9449.78
9449.89
9449.89
9453.45
9453.45
9452.21
9452.31
9452.31
9452.31
10452.3
10452.3
10452.7
10452.7
10452.7
10452.7
10452.7
10452.6
9095.81
9096.75
9096.75
9096.96
9097.06
9094.8
9094.8
9096.36
9814.06
9814.06
9814.06
9814.06
9884.3
10751.4
10750.9
10750.9
10750.9
10740
10774.2
10774.2
10774.1
10779.3
10814.3
10814.3
10814.3
10814.3
10814.3
10814.3
11317
11317.1
11317
11317
11317
11316.9
11310.9
11310.9
11310.9
11310.9
11314.2
11314.2
11314.4
11314.4
11314.4
11314.4
11314.4
11314.4
11316.2
11316.2
11316.5
11316.5
11316.8
11316.6
11278.5
11413.9
11413.8
11413.8
11536.4
11242
11238.7
11238.7
11238.7
10690.5
10690.4
10690.4
10224.8
10224.8
10224.9
10224.9
10224.9
10224.8
10695.6
10695.4
10591.6
10591.7
10661.4
10661.3
10657.7
10657.7
11173
11173.1
11173.6
11177.6
11940.4
11940.4
11940.4
11940.4
11629
11628.6
11628.6
11628.7
11628.6
11628.6
11628.6
11555.5
11555.5
11550.2
11550.2
11550.2
11550.2
11555.2
11468.8
11468.8
11468.6
11468.8
11468.8
11468.9
11458.7
11458.7
11458.7
11458.7
11524.1
11524
11524.1
11524
11479.5
11479.6
11479.6
11479.6
11479.4
11479.4
11981.8
11984.7
11984.7
10780.1
10780.3
10780.3
10780.3
10927.7
10927.9
10927.9
10927.9
9954.88
9954.88
9954.88
9958.6
9959.23
9959.13
9949.39
10038
10037
10037
10038.2
10038.6
10038.6
10038.4
10038.3
10020.9
10020.8
10020.8
10020.8
10873.9
10617.1
10617.1
10617
10564.6
10564.6
10564.7
10564.7
11595.8
11595.8
11595.8
11595.8
11596.1
11553.8
11553.8
11564.1
11566.9
11583.4
11583.4
11583.6
12092.2
12092.2
12092.2
12092.2
11291.2
11291.2
11304.8
11304.8
11304.8
11304.7
11304.7
11304.6
11304.6
11304.7
11304.3
11303.1
11303.1
11303.1
11303.1
11302.9
11302.9
11293.1
11296.4
11124.9
11124.9
11113.5
11112
11112
11112.2
11112.2
11112.2
11112.2
10980.1
10980
10980
10979.5
10653.5
10653.5
10653.5
10653.5
10653.5
9975.07
9975.07
9975.07
9975.29
9975.3
9975.33
9975.41
9975.67
9964.88
9964.88
9964.88
9974.12
9974.08
9974.14
9974.14
9974.14
11290.6
11291
11317.2
11317.2
11317.2
10782
10781.9
10781.9
11119.3
11258.2
11258.3
11265.4
10004.3
10878.6
10993.7
10997
10996.8
10996.8
10996.5
10961.1
10951.8
10951.8
10952
10952
10952
10950.4
10950.6
10950.6
10860.6
10664.5
9919.74
9919.74
9919.74
9919.8
9919.8
9919.91
9871.39
9878.83
9735.12
9735.1
9735.1
9679.22
9272.51
9313.87
9313.85
9313.88
9313.88
9378.74
9378.74
9379
9754.74
9694.99
9694.97
9695.08
9695.11
9695.11
9695.11
10327.6
10327.6
10327.6
10327.6
10327.6
10327.7
10327.7
10298.7
10298.7
10298.7
10298.7
10298.7
10298.7
10298.7
10298.6
10298.6
10298.6
10652.2
10652.2
10652.2
10608.1
10608.1
10608.1
10608.2
10608.2
10608.2
10608.2
10599.8
10599.8
10600.1
10600.1
10600.1
10600.1
10600.1
10600.1
10600.1
10677.1
10677.2
10681
9707.04
9344.24
9344.24
10267.1
10278.5
10185.3
10184.8
9610.78
9610.78
9605.07
9605.07
9611.27
9611.27
10091.9
9489.09
9489.09
9489.09
9489.31
9433.04
9433.04
9434.79
9430.43
9431.04
9430.77
9430.63
9430.63
9430.61
9430.61
9430.61
9430.61
9292.26
9292.26
9292.26
9292.26
10190.8
10190.8
10191.2
10191.2
10191.7
10191.7
10191.7
10191.7
10293.6
10293.6
10933.6
10933.6
10933.6
10933.6
10933.6
10933.6
10933.6
11881.9
11881.9
11881.9
11882.1
12770.2
13282.3
13223.5
13223.6
13223.6
13224.7
13896.4
13896.4
13901.7
13902
13902
13902
13890.3
13890.4
13890.4
13886
13886.1
13886.1
13888.5
13888.5
13888.5
13888.5
13947.8
13947.5
13239.7
13588.2
13588.2
13588.3
13682.4
13596.7
13596.9
13596.9
13596.7
13596.9
13596.9
14424.4
14424.4
14424.4
14424.4
14424.4
13546.3
13546.3
13546.3
13546.3
13546.3
12905
13197.3
13197.5
13250.7
13250.9
13251
13251.2
13338.1
13338.1
13338.1
13338.6
13338.6
13338.6
13125
13123.9
13123.9
13123.6
13408.7
13222.4
13222.3
13222.3
12648.3
12656.2
12656.6
12457.2
12270.2
13149.2
13149.2
14206.1
14121
14121
14121
14121
14120.8
14120.8
14120.8
14120.8
14130.7
14138.4
14763.8
14761.2
14761.1
14761.1
14672.4
14672.4
14672.4
14672.4
14672.4
14672.4
14672.4
14672.3
14774.1
14776.6
14776.6
14927.7
14928.1
14927.9
14927.9
14927.9
14317
14317
14317
14300.2
14300.6
14300.6
14304
14304
14304
14304.1
14304.1
14304.1
14086.1
14085.9
13900.3
14616.7
14616.8
14616.8
14628
14628
14628
14628
14628
14628
14222.1
14397.8
14397.7
15325.5
15325.5
14931.4
14931.4
14931.5
14931.8
14931.8
14931.8
14931.8
14931.8
14931.8
14931.8
14940.8
14941.1
14941.1
14941.1
15085.9
15085.9
15086
15086
15086
15077
15077
15077
15127.8
15127.8
15129.7
15129.7
15142.7
15142.7
15142.3
15142.6
15142.6
15140.2
16955.3
16955.4
16955.4
16955.4
16955.3
16955.8
16955.8
16955.8
16955.8
16955.8
16955.8
16955.8
16979.5
16979.5
18416.6
18191.4
18191.4
18191.4
18191.4
18191.4
19324.1
19324.1
19324.1
19307.7
19307.7
19307.7
19307.6
19307.6
19307.6
19311.6
19311.6
19522.2
19522.2
18237.3
18237.3
18237.3
17343.6
17344.2
17346.7
17346.3
17346.5
17346.5
17346.5
16623.2
16623.2
16623.3
16623.3
16623.3
16623.3
16623.3
18240
18239.9
18255.8
18238.5
18170.5
18171.6
18171.4
18171.4
18183.2
18427.1
18411.7
17615.9
17774.4
19416.3
19800.2
20886.1
20886.1
20886.1
20896.9
20896.8
20558.6
20558.6
20558.6
20558.6
20558.6
20558.6
20850.5
20827.8
19521.7
19521.3
19521.3
19521.3
19521.3
19521.6
19521.6
19631.6
19631.5
19631.8
19631.8
19632.3
19632.3
19656.2
19656.2
20980.6
20980.8
20980.8
20980.8
20980.8
20972.3
20972.3
20972.3
20969.6
20969.6
20969.6
20969.6
20969.4
20969.6
20946.1
20940.3
20939.5
20939.6
20926.4
20926.4
20926.7
20927.8
20927.8
20927.7
20927.7
20927.7
20927.9
20920.1
20920.1
23335.6
23335.6
23335.8
23335.8
23335.8
23671.8
23671.8
23671.9
23671.9
23682.9
23682.9
23666.5
23666.5
23666.5
23666.5
23669
23669
23669
23669
23669
23669
23669.1
23676.8
23441.1
23884.6
23884.7
23884.7
23884.7
23885.3
23885.4
23886
24072.8
23167.3
23823.4
22447.1
23641.4
23641.4
23641.4
23641.4
23641.4
23641.4
23629
26563.5
26680.9
26680.9
26680.9
26681
26692.6
26692.6
26692.6
26703.3
26703.3
26703.3
26703.2
26712.3
26712.3
26712.3
26763.5
26308.2
26308.3
29108.7
29108.7
30924.3
30924.4
30924.3
30913.4
30913.3
30912.5
30719.3
30734
30734
30972.4
30972.4
30961.9
30961.9
30872.8
30876.3
30460.3
30460.3
27870.1
27870.1
29774.8
29930.4
29930.4
29930.2
29930.2
27355.1
27418.4
27418.3
27418.3
27115.9
27115.9
27016.5
27016.5
27016.5
26948.6
27425.8
27426
27426
27426
27425.9
27425.3
27416.1
27416.1
27416.2
27416.2
27416.2
27416.2
28048.5
28048.5
28048.5
28048.5
28166.6
28166.6
28166.6
27106.1
27106.1
27106.1
27106.1
27106.1
27106.1
27083.6
27083.6
27591.7
27591.5
27591.5
29144.3
29144.3
29144.3
29144.3
29133.5
29133.5
28860.4
28968.5
28968.5
28968.5
28244.4
28244.4
28280.7
28280.7
28277
28276.8
28276.8
28077.5
28077.5
28077.6
28077.6
28077.6
28077.6
28077.6
23643
23643
23643
23643
23224.1
23224.1
23174.1
23173.8
23173.8
21949.1
21949.1
21948.6
21948.6
21948.4
21948.4
21948.4
21916.6
21916.6
21916.6
21916.8
21916.8
21913.1
21890.5
19271.2
18932.4
18932.4
17904
17904
18525.2
18527.3
21751.9
20718.9
19278.5
19278.5
19278.5
19278.7
18658.9
18658.9
18658.9
18658.9
16933.4
16933.4
16912.1
16911.9
15009.9
15009.9
14997.1
15029.2
15193.8
15835.3
15835.3
15668
15087.2
15087.2
15087.2
15087.2
15087.2
15087.2
15085.2
15077.5
14459.7
12787.5
12787.7
12787.5
12787.5
12787.5
12787.5
12770.1
12770.5
12770.5
12770.5
12770.5
12758.3
12758.3
12956.2
12837.4
13122.5
13122.5
13122.5
13118
13117.9
13483.4
13486.9
12247.5
12354.9
12354.9
12355.4
12355.4
12355.9
12343
12343.4
12343.8
12334.8
12919.4
12914.3
12914.2
12914.2
12914.2
12914.2
12909
12902.3
12902.3
12902.1
12902.1
12901.9
12901.9
12898.1
12898.1
12122
12122.1
12122.1
12144.7
12144.7
12240.3
12240.3
12240.3
12882.7
12882.7
12882.8
12873.9
12873.9
11752.7
11752.7
11723.2
11723.2
11723.2
11723
11723
11723
11723
12009.8
12009.8
11314
10535.6
10760.2
10761.3
10761.5
10565.9
10565.8
10565.8
10565.8
10565.8
10565.8
10565.8
10693.5
10689.6
11193
11193
11192.9
11192.9
11192.9
11240
11240
11240
11240
11299.7
11299.6
11529.3
11535.1
11535.1
11535.2
11535.2
11535.2
11824.9
11824.9
11828.9
11828.9
11828.9
11853.7
12071.9
12071.9
12071.9
12071.9
12071.9
12071.9
12071.9
12071.9
12072
12249.2
12249.2
12853.8
12853.8
12853.8
12853.8
12853.8
12902.8
12903.2
12903.5
12903.5
12903.5
12903.9
12903.9
12903.9
12748.9
12435.9
12532.3
12531.7
12531.7
12610.9
12610.9
12611.1
12611.1
12610.8
12610.7
12610.5
12610.5
12610.5
12610.5
12610.3
12639.5
12639.4
12636.6
12641.3
12641.3
12641.3
12641.3
14027.6
13980
13976.4
13976.4
13975.2
13975.2
13974.9
14103.3
14103.2
14202.1
14197.3
14197.3
14196.5
14401.1
14401.1
14405.9
14461.5
14461.5
14461.5
14465
14465
14465
13195.2
13997.6
13997.6
14006.5
14003.2
14003.2
14003.2
14762.1
14762.1
14762.1
14762.1
14762.1
14762.1
14760.4
14760.4
14760.2
14760.2
14760.2
14760.2
14760.1
14760.1
14760.1
14760.1
14760.1
14760.1
14760.1
14375.3
14375.3
14375.3
14375.3
14375.3
14375.1
14450.3
14450.3
14570.1
14570.1
14740.1
15483.9
15475.9
16044.1
16134
16134
16134.1
16134.2
16134.2
16132.7
16132.7
16132.7
16132.7
16549.4
16549.3
17522.4
17522.4
17538.8
17538.9
17775.4
17775.4
17774.5
17774.5
17774.6
17781.3
17781.3
17781.3
17726.7
17726.1
17726.1
17726.1
17726.2
17060.2
17060.2
17060.4
17324.4
17324.2
17324.4
17324
18252.4
18076.2
18076.2
18076.2
17927.1
17927.1
17927.1
17935.4
17935.4
17935.4
17935.4
19079.6
19133.6
19133.5
19134
19134
19134
19136.7
19136.7
19136.7
19137
19136.9
19136.9
19136.9
19136.9
19344.1
19343.9
18797.3
18802.8
18802.8
18140.3
18140.3
18140.8
18140.8
18140.8
18140.8
18140.8
19547.5
19547.5
19544.1
19544.1
17863.2
17863.2
17863.4
17863.3
17863.2
17863.2
17863.2
17863.5
14653.6
14685.7
14676.4
14663.6
14663.6
14663.6
14663.6
14663.9
14663.9
14663.9
14489.8
14494.2
14494.3
14494.7
14494.7
13643.9
13220.5
13220.5
13220.5
13220.5
13220.5
13220.4
13220.5
13220.5
13220.5
13220.4
13220.4
14303.5
14303.7
14303.7
14303.7
14335.5
14328.2
14328.1
14328.1
14323.8
14323.8
14323.8
14431.5
14288
14288
14288.1
14275.7
14208.8
14211.8
13761.3
13761.3
13761.2
13761.2
13757.7
13757.6
13757.6
13757.6
13757.6
13757.6
13758
13382.6
13387.8
13387.8
13387.8
13387.8
13393.5
15333.7
15329.1
17302.2
17302.2
17432.6
17432.6
15327.5
15327.5
15327.5
15327.4
15329.8
15329.8
15130.2
15134.5
15102.5
15102.5
15102.5
15102.8
15015.9
15015.8
15042.7
15042.7
15029.7
15941
15941
15941
14971.3
14970.9
14971.5
14971.5
16919.1
16931
16931
16931.1
16931.3
16931.3
16931.3
18618.1
18618.1
18618.1
18618.4
18555.2
18132.8
18132.8
18132.8
18134.6
18134.6
18134.3
18283
18283
18849.6
18849.6
18849.7
18849.7
18849.8
18849.5
18849.5
18849.5
19253.4
19413.9
20124.5
20124.5
20124.5
20124.5
20124.5
20124.5
20127.8
20128
20128
20128.4
20129.2
20124.4
20124.2
20124.2
20124.4
20117.3
20117.3
20116.1
20116.1
18874.1
17481
17480.9
17169.8
17169.9
17169.9
17170.5
17190.2
17190.2
17190
17178.7
17178.8
17178.4
17178.4
17178.4
17178.4
17144
17144
17144
17144
17144
17143.5
17239.3
17239.3
17239.4
17239.4
17239.4
17239.4
17239.3
17239.3
17239.3
17239.3
17239.5
17239.5
17239.8
17337.2
17337.2
17337.2
17333.7
17285.3
17269.9
17255.6
17255.5
17255.7
17255.7
17255.7
17255.3
17267.1
17267
17267
17249.3
17306.8
17306.8
16536.8
16348.9
16348.9
15706.9
15707.5
15707.5
15707.8
16834.1
16848.7
16848.9
16848.9
16843.6
16173.1
16173.1
16172.9
16172.9
16172.5
17669.1
17669.5
17669.5
17662.1
17662.1
17662.1
17596.3
17596.3
17596.3
17596.3
17596.3
17596.3
17612.9
17985.8
18545.6
18545.8
17460.9
17460.9
17491
17491
17491
17490
17521.3
17521
17461.7
17461.7
17278.7
17987.8
16478.1
16478.1
15639.8
15538.5
15538.3
15538.2
15538.2
15538
15402.8
15411.3
15411.3
15412
15412
15413.5
15412.5
15411.7
14620
14620
14620
14620
14556.4
14556.4
14556.4
14556.4
14556.4
14556.4
14825.1
14825.1
14862.6
14843.2
14843.2
14843.1
14843.1
14843.1
16437.3
16437.3
16437.1
16013
16013
16017.9
16140.8
16195.5
16195.5
16195.5
16195.5
16195.4
16195.4
16195.6
16195.6
16199.7
16198
16198
16202.8
16202.8
16224.1
16224
16224
14906.2
15022.8
15022.7
14663.5
13913.5
13919.5
13919.2
14183.3
14186.4
14186
14182.4
13853.1
13783.4
13783.4
13772.7
13772.7
13772.7
13772.6
13772.6
13781.3
13781.3
13781.3
14247.3
13924.4
13924.4
13905.5
13905.5
13911.1
13911.1
13911.1
14416.5
14416.5
14416.5
14416.5
14416.5
14413.8
14414.3
14414.3
14414.3
14502.7
13716.8
13716.8
13716.8
13716.8
13637.2
13637.2
13637.2
13637.2
14364.1
14364.6
14364.6
14364.6
15213.4
15213.2
15213.1
15213.1
15213
15765.3
15765.3
15765.3
15534.6
15534.6
15534.6
15534.6
15412.5
15409.6
15409.6
15409.2
15409.3
15409.3
15409.3
15409.2
15409.1
15409.1
15409.3
15409.4
15394.9
15804.4
15808.7
15808.7
15808.7
15808.5
15790.1
15811.4
15821.7
15762.3
15762.4
15762.4
15762.4
15244.1
14604.1
14082.1
14071.3
14071.3
14070.6
14070.6
14071
14070.8
14070.8
14070.8
14070.8
14070.8
12678
12684.9
12684.9
12685
12685.4
12613.6
12607.5
12655.1
12471.3
12471.3
12471.3
12471.3
12471.3
12464
12464
11865.1
11865.1
11865.2
11865.2
11415.4
11254.5
11254.5
11254.5
11255.3
11255.3
11255.3
11255.3
11255.3
11255.3
10457.6
10457.6
10457.6
10457.6
10459.4
10431.2
10428.3
10466.3
10466.4
10466.4
10466.4
10164.2
10164.2
10174.1
10780.6
10965.7
10966
10966
10966.7
11038
11038
11038.1
11038.1
11038.1
11038.4
11119.8
11119.8
11119.8
11124.9
10197.3
10197.3
10197.3
10197
10197
10197.3
10745.9
10745.9
10746.3
10746.2
10746.2
10716.7
11023.6
11023.6
10138.4
10138.3
10138.9
10138.9
10138.9
10138.9
10138.7
10140.3
9963.27
10098.1
10184.7
10184.8
10263.3
10263.3
10266.2
10270.1
10270
10270.3
10270.4
10270.4
10271.3
9985.93
9986.01
9986.69
10435.3
10305.1
10147.8
9297.95
9298.07
9298.07
9284.35
9284.35
9283.79
9028.63
8777.77
8777.77
8777.77
8777.81
8777.81
8777.72
8777.72
8777.72
8777.72
8777.96
8836.67
8842.25
8842.25
8842.25
8842.25
8841.88
8841.81
8841.81
8841.49
8841.49
8841.49
8841.49
8841.82
8850.3
8850.3
8850.3
8850.3
9170.77
9170.07
9170.07
9170.07
9149.2
9149.2
9149.2
9247.73
9247.73
9247.73
9247.73
9247.73
9247.73
9248.04
9913.25
9907.2
9907.2
9907.2
9907.15
9907.15
9907.15
9907.2
9907.2
9794.75
9798.78
9798.78
9798.78
9795.1
9149.39
8961.81
8961.58
8961.61
8961.71
8961.85
8010.77
8011.01
8011.01
8019.56
8018.44
8018.44
8018.44
8017.89
8630.93
8631
8631
8620.16
8624.59
8624.59
8625.36
8625.53
8625.52
8625.52
8625.52
8672.88
8673.33
8673.33
8673.33
8673.33
8673.33
8673.15
8673.15
8673.19
8673.19
8673.27
8668.04
8667.79
8667.31
8659.56
8659.56
8598.67
8598.67
8600.17
8562.95
8562.95
8562.68
8562.68
8562.68
8556.84
8556.84
8556.77
8556.77
8556.57
8556.7
8556.7
8556.7
9375.1
9375.1
9375.1
9375.1
9374.7
9513.76
9513.76
9564.84
10323.9
10325.2
10325.2
10325.2
10090.3
10090.2
10090
9750.29
9750.29
9749.79
9750.32
9750.32
9750.32
9742.81
9774.8
9775.12
9775.2
9774.91
9774.91
9774.96
9774.83
9774.83
9426.02
9426.02
9425.73
9117.35
9117.52
9117.41
9117.19
9117.83
9117.7
9117.99
8872.73
8872.85
8872.85
8872.61
8872.8
9114.62
9114.62
9106.03
8664.73
8733.12
8733.12
9192.14
9192.14
9192.12
9187.23
9187.23
9189.3
9189.45
9189.4
9190.08
9190.08
9917.77
9917.77
9917.77
9917.04
9803.73
9803.98
9803.98
9803.98
9803.81
9014.05
9014.05
9014.05
9013.67
9013.67
9013.8
9015.01
9015.24
9015.26
9015.26
9010.3
9010.3
9010.3
9706.25
9706.04
9615.21
9615.21
9615.21
9615.21
9615.52
9615.59
9614.93
9615.36
9685.58
9685.7
9685.7
9690.77
9605.83
9570.06
9570.06
9570.06
9570.06
9570.06
9571.93
9571.93
9571.93
9571.95
9571.95
9571.95
9571.74
9586.59
9006.03
9051.72
9051.72
8972.68
8972.68
8968.37
8968.37
8968.12
8976.88
8976.88
8976.88
8982.01
8975.45
9123.86
9123.86
9123.86
9123.8
8462.11
8451.39
8451.68
8451.66
8451.48
8451.48
8451.48
8451.48
8345.84
8871.85
8928.11
8928.42
8928.42
8928.42
8928.42
8959.35
8897.22
8709.78
8709.78
8709.78
8709.78
8709.24
8696.64
8696.75
8660.93
8641.54
8641.54
8638.15
8638.15
8638.15
8626.52
8626.02
8626.02
8626.02
8626.02
8099.56
8106.66
8106.66
8107.16
8107.55
8003.63
8008.58
8008.8
8008.8
8014.91
7884.09
7883.08
7950.6
7950.6
7950.87
7950.87
8473
8472.79
8165.63
8166.6
8166.6
8166.6
7958.51
7950.45
7950.35
7951.07
7951.16
7955.42
7955.53
7955.53
7955.77
7956.43
7956.78
7957.16
7984.06
7984.21
7984.12
7983.64
7983.64
7983.64
7983.64
7695.77
7620.49
7620.49
7620.49
7623.98
7623.98
7624.39
7707.34
7703.33
7703.33
7703.33
7701.49
7701.49
7701.49
8259.77
8260.8
8260.84
8190.92
8190.92
8191.05
8158.04
8234.67
8234.67
8239.61
7792.55
7792.55
7792.43
7792.43
7788.82
7123.76
7124.46
7124.19
7128.46
7127.96
7127.96
7076.5
7076.42
7076.42
7076.43
7076.43
7076.22
7076.22
7076.22
7075.84
7028.85
7025.47
7025.22
7025.22
7025.22
6583.1
6583.28
6583.28
6583.28
6583.28
6582.91
6582.91
6998.32
6998.32
6998.32
7019.19
7019
7019.09
7031.14
7030.74
7030.89
7030.89
7031.12
7030.44
7030.44
7028.8
7028.79
6944.14
6944.14
6946.15
6946.87
7740.61
7740.6
7740.6
7740.93
7740.93
7740.93
7721.73
7721.8
7722.21
7717.03
7717.03
7717.38
7714.66
7714.66
7714.61
7714.61
7714.61
7714.68
7512.04
7651.99
7564.06
7564.32
7564.32
7504.04
7504.11
7503.97
8204.73
8204.06
8160.75
8212.26
8212.26
8205.94
8206.91
8206.74
8206.74
8207.17
8207.17
8207.17
8207.17
8207.18
8207.18
8207.18
8207.18
8153.55
8153.78
8153.65
7929.57
8113.46
8128.41
8129.69
8130.08
8129.06
8127.24
8127.39
8127.39
8127.39
7324.46
7324.69
7396.84
7396.84
7102.75
7102.92
7036.62
7036.62
7036.62
7036.62
7036.28
7032.23
7032.32
7249.3
7249.18
6558.46
6558.46
6558.46
6018.46
6018.46
6018.19
6033.12
6033.24
6096.58
6053.1
6053.1
6053.1
6048.41
6048.28
6053.35
6053.35
6053.35
6053.35
6053.35
6035.63
6035.63
6035.63
6035.63
6036.2
6029.76
6029.76
6029.76
6029.76
6303.31
6343.62
6343.62
6343.62
6343.83
6343.83
6343.77
6343.77
5924.19
6010.11
6000.02
6000.02
5764.42
5761.32
5761.32
5835.55
5823.82
5404.45
5404.6
5404.6
5404.6
5718.85
5754.32
5781.17
5781.17
5781.17
5781.17
5781.48
5914.12
5919.5
5919.92
5917.88
5917.88
5917.55
5917.55
5917.69
5917.22
5917.32
5921.04
5921.04
5921.04
5921.04
5921.7
5921.7
5921.28
5893.07
5893.07
5502.22
5502.34
5502.34
5474.72
5474.72
5474.72
5474.86
5474.53
5474.61
5474.59
5472.83
5472.83
5617.91
5445.03
5445.39
5445.24
5445.24
5443.3
5443.3
5441.67
5440.29
5440.11
5441.22
5441.22
5441.22
5441.34
5441.88
5441.88
5441.88
6113.98
6114.07
6291.84
6291.84
6291.78
6291.78
6291.78
6229.26
6229.24
6234.74
6234.52
6234.41
6765.22
6765.22
6764
6764
6221.76
6221.76
6245.78
6245.78
6245.78
6245.65
6245.65
6245.46
6245.46
6191.87
5910.71
5910.71
5910.71
5823.94
5823.47
6257.28
6257.75
6257.75
6257.75
6257.75
6258.58
6258.58
6258.58
6258.58
6191.97
6192.05
6214.15
6214.07
6214.75
6214.75
6214.89
6214.89
6216.03
6215.41
6220.72
6220.72
6220.81
5864.79
5871.71
5871.71
5871.71
6241.69
6241.69
6254.15
6253.88
6253.88
6253.88
6256.96
6256.96
6227.21
6185.8
6194.58
6162.61
5953.3
5570.46
5570.4
5570.05
5570.05
5570.19
5570.19
5565.11
5565.34
5565.44
5565.44
5525.2
5524.88
5525.04
5527.1
5527.1
5527.51
5571.48
5571.48
5571.48
5571.48
5571.49
5571.49
5571.87
5587.46
5587.58
5588.39
5454.85
5430.21
5432.75
5433.03
5433.03
5433.06
5484.27
5484.08
5484.08
5485.95
5486.31
5486.31
5486.31
5486.31
5516.51
5511.87
5511.66
5511.66
5511.66
5511.64
5506.04
5506.04
5506.04
5505.91
5505.91
5505.58
5505.6
5505.48
5505.48
5505.48
5505.48
5505.48
5505.48
5240.88
5240.85
5240.85
5240.85
5245.42
5125.52
5124.53
5124.53
5124.53
5125.43
5125.43
4946.19
4908.78
4908.89
4908.89
4903.38
4903.53
4900.7
4900.7
4900.73
4900.73
4900.73
4854.47
4854.47
4854.47
4854.25
4852.46
4852.46
4852.38
4852.44
4852.44
4853.81
5254.57
5254.57
5254.11
5254.25
5254.25
5254.25
5254.25
5254.25
5259.45
5258.99
5258.85
5058.55
5014.49
5013.45
4736.54
4736.54
4736.54
4736.54
4731.76
4731.76
4731.76
4731.92
4732.07
4717.58
4718.29
4718.29
4703.05
4703.42
4710.14
4710.14
4710.14
4707.8
4765.65
4765.65
4816.29
4816.29
4816.21
4815.88
4815.88
4815.88
4815.88
4816.16
4816.16
4816.16
4815.88
4815.4
4815.4
4815.65
4815.89
4857.91
4857.91
4981.42
4981.14
4980.96
4980.96
4940.14
4939.72
4938.83
4938.83
4938.83
4938.83
4739.41
4684.19
4733.5
4733.5
4733.5
4733.74
4734.07
4734.07
4931.6
4933.72
4933.72
4840.35
4840.43
4840.66
4840.66
4840.52
4844.91
4845.41
4845.41
4839.37
4839.63
4839.63
4839.63
4852.21
4852.54
4852.46
4852.59
4852.59
4852.59
4852.17
4852.07
4852.07
4852.07
4852.07
4852.07
4852.07
4851.55
4851.55
4744.96
4745.49
4745.01
4744.87
4745.01
4744.6
4744.51
4860.42
4860.42
4860.42
4783.16
4783.16
4782.92
4782.92
4775.85
4775.85
4775.64
4780.89
4780.79
4781.29
4638.8
4638.8
4638.67
4638.62
4638.62
4639.07
4639.07
4645.59
4645.59
4645.59
4645.75
4645.75
4659.99
4659.99
4659.99
4663.11
4663.11
4663.11
4663.11
4663.11
4663.39
4663.67
4663.67
4664.89
4643.23
4643.21
4669.15
4669.15
4669.29
4669.29
4669.29
4673.23
4673.12
4673.28
4646.08
4646.08
4677.34
4796.5
4796.5
4796.08
4775.78
4985.53
4960.92
4961.08
4961.08
4961.08
4959.42
4964.11
4958.61
4957.85
4957.85
4967.72
4972.99
4972.99
4975.12
4826.74
4827.23
4827.23
4791.96
4793.64
4793.6
4793.6
4793.6
4793.6
4795.9
4795.9
4614.23
4715.69
4715.69
4721.55
4723.22
4717.36
4714.63
4714.63
4834.52
4822.97
4822.55
4822.55
4839.8
4839.69
4839.69
4839.61
4839.61
4839.38
4783.2
4783.2
4783.57
4885.25
4853.61
4853.61
4853.65
4853.3
4703.33
4703.33
4703.97
4619.86
4619.86
4818.85
4899.38
4901.23
4901.23
4900.69
4900.68
4897.65
4897.57
4896.15
4895.97
4895.97
4895.97
4895.97
5176.5
5176.5
5175.57
5176.4
5176.4
5177.04
5150.97
5150.97
5184.61
5184.61
5184.61
5166.33
5166.96
5166.96
5218.65
5177.97
5180.41
5185.61
5185.61
5075.81
5075.81
5075.81
5075.79
5075.66
5075.66
5075.66
5075.81
4864.04
5225.9
4817.61
4817.61
4817.61
4817.61
4817.61
4817.91
4805.04
4805.04
4805.04
4805.16
4805.16
4805.17
4805.47
4867.78
4867.78
4867.6
4867.6
4867.6
4870.7
4870.85
4870.85
4839.1
4841.39
4816.96
4816.96
