1.1 -0.11
0.5 0.25
0.333333 0.222222
0.25 0.1875
0.2 0.16
0.166667 0.138889
0.142857 0.122449
0.125 0.109375
0.111111 0.0987654
0.1 0.09
0.0909091 0.0826446
0.0833333 0.0763889
0.0769231 0.0710059
0.0714286 0.0663265
0.0666667 0.0622222
0.0625 0.0585938
0.0588235 0.0553633
0.0555556 0.0524691
0.0526316 0.0498615
0.05 0.0475
0.047619 0.0453515
0.0454545 0.0433884
0.0434783 0.0415879
0.0416667 0.0399306
0.04 0.0384
0.0384615 0.0369822
0.037037 0.0356653
0.0357143 0.0344388
0.0344828 0.0332937
0.0333333 0.0322222
0.0322581 0.0312175
0.03125 0.0302734
0.030303 0.0293848
0.0294118 0.0285467
0.0285714 0.0277551
0.0277778 0.0270062
0.027027 0.0262966
0.0263158 0.0256233
0.025641 0.0249836
0.025 0.024375
0.0243902 0.0237954
0.0238095 0.0232426
0.0232558 0.022715
0.0227273 0.0222107
0.0222222 0.0217284
0.0217391 0.0212665
0.0212766 0.0208239
0.0208333 0.0203993
0.0204082 0.0199917
0.02 0.0196
0.0196078 0.0192234
0.0192308 0.0188609
0.0188679 0.0185119
0.0185185 0.0181756
0.0181818 0.0178512
0.0178571 0.0175383
0.0175439 0.0172361
0.0172414 0.0169441
0.0169492 0.0166619
0.0166667 0.0163889
0.0163934 0.0161247
0.016129 0.0158689
0.015873 0.0156211
0.015625 0.0153809
0.0153846 0.0151479
0.0151515 0.0149219
0.0149254 0.0147026
0.0147059 0.0144896
0.0144928 0.0142827
0.0142857 0.0140816
0.0140845 0.0138861
0.0138889 0.013696
0.0136986 0.013511
0.0135135 0.0133309
0.0133333 0.0131556
0.0131579 0.0129848
0.012987 0.0128184
0.0128205 0.0126561
0.0126582 0.012498
0.0125 0.0123438
0.0123457 0.0121933
0.0121951 0.0120464
0.0120482 0.011903
0.0119048 0.011763
0.0117647 0.0116263
0.0116279 0.0114927
0.0114943 0.0113621
0.0113636 0.0112345
0.011236 0.0111097
0.0111111 0.0109877
0.010989 0.0108683
0.0108696 0.0107514
0.0107527 0.0106371
0.0106383 0.0105251
0.0105263 0.0104155
0.0104167 0.0103082
0.0103093 0.010203
0.0102041 0.0101
0.010101 0.00999898
0.01 0.0099
0.00990099 0.00980296
0.00980392 0.0097078
0.00970874 0.00961448
0.00961538 0.00952293
0.00952381 0.00943311
0.00943396 0.00934496
0.00934579 0.00925845
0.00925926 0.00917353
0.00917431 0.00909014
0.00909091 0.00900826
0.00900901 0.00892785
0.00892857 0.00884885
0.00884956 0.00877124
0.00877193 0.00869498
0.00869565 0.00862004
0.00862069 0.00854637
0.00854701 0.00847396
0.00847458 0.00840276
0.00840336 0.00833274
0.00833333 0.00826389
0.00826446 0.00819616
0.00819672 0.00812954
0.00813008 0.00806398
0.00806452 0.00799948
0.008 0.007936
0.00793651 0.00787352
0.00787402 0.00781202
0.0078125 0.00775146
0.00775194 0.00769185
0.00769231 0.00763314
0.00763359 0.00757532
0.00757576 0.00751837
0.0075188 0.00746226
0.00746269 0.007407
0.00740741 0.00735254
0.00735294 0.00729888
0.00729927 0.00724599
0.00724638 0.00719387
0.00719424 0.00714249
0.00714286 0.00709184
0.0070922 0.0070419
0.00704225 0.00699266
0.00699301 0.0069441
0.00694444 0.00689622
0.00689655 0.00684899
0.00684932 0.0068024
0.00680272 0.00675644
0.00675676 0.0067111
0.00671141 0.00666637
0.00666667 0.00662222
0.00662252 0.00657866
0.00657895 0.00653566
0.00653595 0.00649323
0.00649351 0.00645134
0.00645161 0.00640999
0.00641026 0.00636916
0.00636943 0.00632886
0.00632911 0.00628906
0.00628931 0.00624975
0.00625 0.00621094
0.00621118 0.0061726
0.00617284 0.00613474
0.00613497 0.00609733
0.00609756 0.00606038
0.00606061 0.00602388
0.0060241 0.00598781
0.00598802 0.00595217
0.00595238 0.00591695
0.00591716 0.00588215
0.00588235 0.00584775
0.00584795 0.00581375
0.00581395 0.00578015
0.00578035 0.00574693
0.00574713 0.0057141
0.00571429 0.00568163
0.00568182 0.00564954
0.00564972 0.0056178
0.00561798 0.00558642
0.00558659 0.00555538
0.00555556 0.00552469
0.00552486 0.00549434
0.00549451 0.00546432
0.00546448 0.00543462
0.00543478 0.00540525
0.00540541 0.00537619
0.00537634 0.00534744
0.00534759 0.005319
0.00531915 0.00529086
0.00529101 0.00526301
0.00526316 0.00523546
0.0052356 0.00520819
0.00520833 0.00518121
0.00518135 0.0051545
0.00515464 0.00512807
0.00512821 0.00510191
0.00510204 0.00507601
0.00507614 0.00505037
0.00505051 0.005025
0.00502513 0.00499987
0.005 0.004975
0.00497512 0.00495037
0.0049505 0.00492599
0.00492611 0.00490184
0.00490196 0.00487793
0.00487805 0.00485425
0.00485437 0.0048308
0.00483092 0.00480758
0.00480769 0.00478458
0.00478469 0.0047618
0.0047619 0.00473923
0.00473934 0.00471688
0.00471698 0.00469473
0.00469484 0.00467279
0.0046729 0.00465106
0.00465116 0.00462953
0.00462963 0.0046082
0.00460829 0.00458706
0.00458716 0.00456611
0.00456621 0.00454536
0.00454545 0.00452479
0.00452489 0.00450441
0.0045045 0.00448421
0.0044843 0.0044642
0.00446429 0.00444436
0.00444444 0.00442469
0.00442478 0.0044052
0.00440529 0.00438588
0.00438596 0.00436673
0.00436681 0.00434774
0.00434783 0.00432892
0.004329 0.00431026
0.00431034 0.00429177
0.00429185 0.00427343
0.0042735 0.00425524
0.00425532 0.00423721
0.00423729 0.00421933
0.00421941 0.00420161
0.00420168 0.00418403
0.0041841 0.00416659
0.00416667 0.00414931
0.00414938 0.00413216
0.00413223 0.00411516
0.00411523 0.00409829
0.00409836 0.00408156
0.00408163 0.00406497
0.00406504 0.00404852
0.00404858 0.00403219
0.00403226 0.004016
0.00401606 0.00399994
0.004 0.003984
0.00398406 0.00396819
0.00396825 0.00395251
0.00395257 0.00393695
0.00393701 0.00392151
0.00392157 0.00390619
0.00390625 0.00389099
0.00389105 0.00387591
0.00387597 0.00386095
0.003861 0.0038461
0.00384615 0.00383136
0.00383142 0.00381674
0.00381679 0.00380223
0.00380228 0.00378782
0.00378788 0.00377353
0.00377358 0.00375934
0.0037594 0.00374527
0.00374532 0.00373129
0.00373134 0.00371742
0.00371747 0.00370365
0.0037037 0.00368999
0.00369004 0.00367642
0.00367647 0.00366295
0.003663 0.00364959
0.00364964 0.00363632
0.00363636 0.00362314
0.00362319 0.00361006
0.00361011 0.00359708
0.00359712 0.00358418
0.00358423 0.00357138
0.00357143 0.00355867
0.00355872 0.00354605
0.0035461 0.00353352
0.00353357 0.00352108
0.00352113 0.00350873
0.00350877 0.00349646
0.0034965 0.00348428
0.00348432 0.00347218
0.00347222 0.00346017
0.00346021 0.00344823
0.00344828 0.00343639
0.00343643 0.00342462
0.00342466 0.00341293
0.00341297 0.00340132
0.00340136 0.00338979
0.00338983 0.00337834
0.00337838 0.00336696
0.003367 0.00335567
0.0033557 0.00334444
0.00334448 0.0033333
0.00333333 0.00332222
0.00332226 0.00331122
0.00331126 0.00330029
0.00330033 0.00328944
0.00328947 0.00327865
0.00327869 0.00326794
0.00326797 0.00325729
0.00325733 0.00324672
0.00324675 0.00323621
0.00323625 0.00322577
0.00322581 0.0032154
0.00321543 0.0032051
0.00320513 0.00319486
0.00319489 0.00318468
0.00318471 0.00317457
0.0031746 0.00316453
0.00316456 0.00315454
0.00315457 0.00314462
0.00314465 0.00313477
0.0031348 0.00312497
0.003125 0.00311523
0.00311526 0.00310556
0.00310559 0.00309595
0.00309598 0.00308639
0.00308642 0.00307689
0.00307692 0.00306746
0.00306748 0.00305808
0.0030581 0.00304875
0.00304878 0.00303949
0.00303951 0.00303028
0.0030303 0.00302112
0.00302115 0.00301202
0.00301205 0.00300298
0.003003 0.00299398
0.00299401 0.00298505
0.00298507 0.00297616
0.00297619 0.00296733
0.00296736 0.00295855
0.00295858 0.00294983
0.00294985 0.00294115
0.00294118 0.00293253
0.00293255 0.00292395
0.00292398 0.00291543
0.00291545 0.00290695
0.00290698 0.00289853
0.00289855 0.00289015
0.00289017 0.00288182
0.00288184 0.00287354
0.00287356 0.00286531
0.00286533 0.00285712
0.00285714 0.00284898
0.002849 0.00284089
0.00284091 0.00283284
0.00283286 0.00282484
0.00282486 0.00281688
0.0028169 0.00280897
0.00280899 0.0028011
0.00280112 0.00279327
0.0027933 0.00278549
0.00278552 0.00277776
0.00277778 0.00277006
0.00277008 0.00276241
0.00276243 0.0027548
0.00275482 0.00274723
0.00274725 0.00273971
0.00273973 0.00273222
0.00273224 0.00272478
0.0027248 0.00271737
0.00271739 0.00271001
0.00271003 0.00270268
0.0027027 0.0026954
0.00269542 0.00268815
0.00268817 0.00268095
0.00268097 0.00267378
0.0026738 0.00266665
0.00266667 0.00265956
0.00265957 0.0026525
0.00265252 0.00264548
0.0026455 0.0026385
0.00263852 0.00263156
0.00263158 0.00262465
0.00262467 0.00261778
0.0026178 0.00261095
0.00261097 0.00260415
0.00260417 0.00259738
0.0025974 0.00259066
0.00259067 0.00258396
0.00258398 0.0025773
0.00257732 0.00257068
0.00257069 0.00256409
0.0025641 0.00255753
0.00255754 0.002551
0.00255102 0.00254451
0.00254453 0.00253805
0.00253807 0.00253163
0.00253165 0.00252524
0.00252525 0.00251888
0.00251889 0.00251255
0.00251256 0.00250625
0.00250627 0.00249998
0.0025 0.00249375
0.00249377 0.00248755
0.00248756 0.00248137
0.00248139 0.00247523
0.00247525 0.00246912
0.00246914 0.00246304
0.00246305 0.00245699
0.002457 0.00245097
0.00245098 0.00244497
0.00244499 0.00243901
0.00243902 0.00243308
0.00243309 0.00242717
0.00242718 0.00242129
0.00242131 0.00241544
0.00241546 0.00240962
0.00240964 0.00240383
0.00240385 0.00239807
0.00239808 0.00239233
0.00239234 0.00238662
0.00238663 0.00238094
0.00238095 0.00237528
0.0023753 0.00236965
0.00236967 0.00236405
0.00236407 0.00235848
0.00235849 0.00235293
0.00235294 0.0023474
0.00234742 0.00234191
0.00234192 0.00233644
0.00233645 0.00233099
0.002331 0.00232557
0.00232558 0.00232017
0.00232019 0.0023148
0.00231481 0.00230946
0.00230947 0.00230414
0.00230415 0.00229884
0.00229885 0.00229357
0.00229358 0.00228832
0.00228833 0.00228309
0.00228311 0.00227789
0.0022779 0.00227272
0.00227273 0.00226756
0.00226757 0.00226243
0.00226244 0.00225732
0.00225734 0.00225224
0.00225225 0.00224718
0.00224719 0.00224214
0.00224215 0.00223713
0.00223714 0.00223213
0.00223214 0.00222716
0.00222717 0.00222221
0.00222222 0.00221728
0.00221729 0.00221238
0.00221239 0.00220749
0.00220751 0.00220263
0.00220264 0.00219779
0.0021978 0.00219297
0.00219298 0.00218817
0.00218818 0.0021834
0.00218341 0.00217864
0.00217865 0.0021739
0.00217391 0.00216919
0.0021692 0.00216449
0.0021645 0.00215982
0.00215983 0.00215516
0.00215517 0.00215053
0.00215054 0.00214591
0.00214592 0.00214132
0.00214133 0.00213674
0.00213675 0.00213219
0.0021322 0.00212765
0.00212766 0.00212313
0.00212314 0.00211863
0.00211864 0.00211416
0.00211416 0.0021097
0.0021097 0.00210525
0.00210526 0.00210083
0.00210084 0.00209643
0.00209644 0.00209204
0.00209205 0.00208767
0.00208768 0.00208332
0.00208333 0.00207899
0.002079 0.00207468
0.00207469 0.00207038
0.00207039 0.00206611
0.00206612 0.00206185
0.00206186 0.0020576
0.00205761 0.00205338
0.00205339 0.00204917
0.00204918 0.00204498
0.00204499 0.00204081
0.00204082 0.00203665
0.00203666 0.00203251
0.00203252 0.00202839
0.0020284 0.00202428
0.00202429 0.00202019
0.0020202 0.00201612
0.00201613 0.00201206
0.00201207 0.00200802
0.00200803 0.002004
0.00200401 0.00199999
0.002 0.001996
0.00199601 0.00199202
0.00199203 0.00198806
0.00198807 0.00198412
0.00198413 0.00198019
0.0019802 0.00197628
0.00197628 0.00197238
0.00197239 0.0019685
0.0019685 0.00196463
0.00196464 0.00196078
0.00196078 0.00195694
0.00195695 0.00195312
0.00195312 0.00194931
0.00194932 0.00194552
0.00194553 0.00194174
0.00194175 0.00193798
0.00193798 0.00193423
0.00193424 0.00193049
0.0019305 0.00192678
0.00192678 0.00192307
0.00192308 0.00191938
0.00191939 0.0019157
0.00191571 0.00191204
0.00191205 0.00190839
0.0019084 0.00190476
0.00190476 0.00190113
0.00190114 0.00189753
0.00189753 0.00189393
0.00189394 0.00189035
0.00189036 0.00188679
0.00188679 0.00188323
0.00188324 0.00187969
0.0018797 0.00187617
0.00187617 0.00187265
0.00187266 0.00186915
0.00186916 0.00186567
0.00186567 0.00186219
0.0018622 0.00185873
0.00185874 0.00185528
0.00185529 0.00185185
0.00185185 0.00184842
0.00184843 0.00184501
0.00184502 0.00184161
0.00184162 0.00183823
0.00183824 0.00183486
0.00183486 0.0018315
0.0018315 0.00182815
0.00182815 0.00182481
0.00182482 0.00182149
0.00182149 0.00181818
0.00181818 0.00181488
0.00181488 0.00181159
0.00181159 0.00180831
0.00180832 0.00180505
0.00180505 0.0018018
0.0018018 0.00179856
0.00179856 0.00179533
0.00179533 0.00179211
0.00179211 0.0017889
0.00178891 0.00178571
0.00178571 0.00178253
0.00178253 0.00177935
0.00177936 0.00177619
0.0017762 0.00177304
0.00177305 0.00176991
0.00176991 0.00176678
0.00176678 0.00176366
0.00176367 0.00176056
0.00176056 0.00175746
0.00175747 0.00175438
0.00175439 0.00175131
0.00175131 0.00174825
0.00174825 0.0017452
0.0017452 0.00174215
0.00174216 0.00173913
0.00173913 0.00173611
0.00173611 0.0017331
0.0017331 0.0017301
0.0017301 0.00172711
0.00172712 0.00172413
0.00172414 0.00172117
0.00172117 0.00171821
0.00171821 0.00171526
0.00171527 0.00171232
0.00171233 0.0017094
0.0017094 0.00170648
0.00170648 0.00170357
0.00170358 0.00170068
0.00170068 0.00169779
0.00169779 0.00169491
0.00169492 0.00169204
0.00169205 0.00168918
0.00168919 0.00168634
0.00168634 0.0016835
0.0016835 0.00168067
0.00168067 0.00167785
0.00167785 0.00167504
0.00167504 0.00167224
0.00167224 0.00166944
0.00166945 0.00166666
0.00166667 0.00166389
0.00166389 0.00166112
0.00166113 0.00165837
0.00165837 0.00165562
0.00165563 0.00165289
0.00165289 0.00165016
0.00165017 0.00164744
0.00164745 0.00164473
0.00164474 0.00164203
0.00164204 0.00163934
0.00163934 0.00163666
0.00163666 0.00163398
0.00163399 0.00163132
0.00163132 0.00162866
0.00162866 0.00162601
0.00162602 0.00162337
0.00162338 0.00162074
0.00162075 0.00161812
0.00161812 0.0016155
0.00161551 0.0016129
0.0016129 0.0016103
0.00161031 0.00160771
0.00160772 0.00160513
0.00160514 0.00160256
0.00160256 0.0016
0.0016 0.00159744
0.00159744 0.00159489
0.0015949 0.00159235
0.00159236 0.00158982
0.00158983 0.0015873
0.0015873 0.00158478
0.00158479 0.00158227
0.00158228 0.00157977
0.00157978 0.00157728
0.00157729 0.0015748
0.0015748 0.00157232
0.00157233 0.00156985
0.00156986 0.00156739
0.0015674 0.00156494
0.00156495 0.0015625
0.0015625 0.00156006
0.00156006 0.00155763
0.00155763 0.00155521
0.00155521 0.00155279
0.0015528 0.00155038
0.00155039 0.00154798
0.00154799 0.00154559
0.0015456 0.00154321
0.00154321 0.00154083
0.00154083 0.00153846
0.00153846 0.00153609
0.0015361 0.00153374
0.00153374 0.00153139
0.00153139 0.00152905
0.00152905 0.00152671
0.00152672 0.00152439
0.00152439 0.00152207
0.00152207 0.00151975
0.00151976 0.00151745
0.00151745 0.00151515
0.00151515 0.00151286
0.00151286 0.00151057
0.00151057 0.00150829
0.0015083 0.00150602
0.00150602 0.00150376
0.00150376 0.0015015
0.0015015 0.00149925
0.00149925 0.001497
0.00149701 0.00149476
0.00149477 0.00149253
0.00149254 0.00149031
0.00149031 0.00148809
0.0014881 0.00148588
0.00148588 0.00148368
0.00148368 0.00148148
0.00148148 0.00147929
0.00147929 0.0014771
0.0014771 0.00147492
0.00147493 0.00147275
0.00147275 0.00147059
0.00147059 0.00146843
0.00146843 0.00146627
0.00146628 0.00146413
0.00146413 0.00146199
0.00146199 0.00145985
0.00145985 0.00145772
0.00145773 0.0014556
0.0014556 0.00145349
0.00145349 0.00145138
0.00145138 0.00144927
0.00144928 0.00144717
0.00144718 0.00144508
0.00144509 0.001443
0.001443 0.00144092
0.00144092 0.00143885
0.00143885 0.00143678
0.00143678 0.00143472
0.00143472 0.00143266
0.00143266 0.00143061
0.00143062 0.00142857
0.00142857 0.00142653
0.00142653 0.0014245
0.0014245 0.00142247
0.00142248 0.00142045
0.00142045 0.00141844
0.00141844 0.00141643
0.00141643 0.00141442
0.00141443 0.00141243
0.00141243 0.00141043
0.00141044 0.00140845
0.00140845 0.00140647
0.00140647 0.00140449
0.00140449 0.00140252
0.00140252 0.00140056
0.00140056 0.0013986
0.0013986 0.00139665
0.00139665 0.0013947
0.0013947 0.00139275
0.00139276 0.00139082
0.00139082 0.00138889
0.00138889 0.00138696
0.00138696 0.00138504
0.00138504 0.00138312
0.00138313 0.00138121
0.00138122 0.00137931
0.00137931 0.00137741
0.00137741 0.00137551
0.00137552 0.00137362
0.00137363 0.00137174
0.00137174 0.00136986
0.00136986 0.00136799
0.00136799 0.00136612
0.00136612 0.00136425
0.00136426 0.0013624
0.0013624 0.00136054
0.00136054 0.00135869
0.0013587 0.00135685
0.00135685 0.00135501
0.00135501 0.00135318
0.00135318 0.00135135
0.00135135 0.00134953
0.00134953 0.00134771
0.00134771 0.00134589
0.0013459 0.00134408
0.00134409 0.00134228
0.00134228 0.00134048
0.00134048 0.00133869
0.00133869 0.0013369
0.0013369 0.00133511
0.00133511 0.00133333
0.00133333 0.00133156
0.00133156 0.00132978
0.00132979 0.00132802
0.00132802 0.00132626
0.00132626 0.0013245
0.0013245 0.00132275
0.00132275 0.001321
0.001321 0.00131926
0.00131926 0.00131752
0.00131752 0.00131579
0.00131579 0.00131406
0.00131406 0.00131233
0.00131234 0.00131061
0.00131062 0.0013089
0.0013089 0.00130719
0.00130719 0.00130548
0.00130548 0.00130378
0.00130378 0.00130208
0.00130208 0.00130039
0.00130039 0.0012987
0.0012987 0.00129701
0.00129702 0.00129533
0.00129534 0.00129366
0.00129366 0.00129199
0.00129199 0.00129032
0.00129032 0.00128866
0.00128866 0.001287
0.001287 0.00128534
0.00128535 0.00128369
0.0012837 0.00128205
0.00128205 0.00128041
0.00128041 0.00127877
0.00127877 0.00127714
0.00127714 0.00127551
0.00127551 0.00127388
0.00127389 0.00127226
0.00127226 0.00127065
0.00127065 0.00126903
0.00126904 0.00126743
0.00126743 0.00126582
0.00126582 0.00126422
0.00126422 0.00126262
0.00126263 0.00126103
0.00126103 0.00125944
0.00125945 0.00125786
0.00125786 0.00125628
0.00125628 0.0012547
0.00125471 0.00125313
0.00125313 0.00125156
0.00125156 0.00125
0.00125 0.00124844
0.00124844 0.00124688
0.00124688 0.00124533
0.00124533 0.00124378
0.00124378 0.00124223
0.00124224 0.00124069
0.00124069 0.00123916
0.00123916 0.00123762
0.00123762 0.00123609
0.00123609 0.00123457
0.00123457 0.00123304
0.00123305 0.00123153
0.00123153 0.00123001
0.00123001 0.0012285
0.0012285 0.00122699
0.00122699 0.00122549
0.00122549 0.00122399
0.00122399 0.00122249
0.00122249 0.001221
0.001221 0.00121951
0.00121951 0.00121802
0.00121803 0.00121654
0.00121655 0.00121507
0.00121507 0.00121359
0.00121359 0.00121212
0.00121212 0.00121065
0.00121065 0.00120919
0.00120919 0.00120773
0.00120773 0.00120627
0.00120627 0.00120482
0.00120482 0.00120337
0.00120337 0.00120192
0.00120192 0.00120048
0.00120048 0.00119904
0.00119904 0.0011976
0.0011976 0.00119617
0.00119617 0.00119474
0.00119474 0.00119332
0.00119332 0.00119189
0.0011919 0.00119047
0.00119048 0.00118906
0.00118906 0.00118765
0.00118765 0.00118624
0.00118624 0.00118483
0.00118483 0.00118343
0.00118343 0.00118203
0.00118203 0.00118064
0.00118064 0.00117924
0.00117925 0.00117785
0.00117786 0.00117647
0.00117647 0.00117509
0.00117509 0.00117371
0.00117371 0.00117233
0.00117233 0.00117096
0.00117096 0.00116959
0.00116959 0.00116822
0.00116822 0.00116686
0.00116686 0.0011655
0.0011655 0.00116414
0.00116414 0.00116279
0.00116279 0.00116144
0.00116144 0.00116009
0.00116009 0.00115875
0.00115875 0.00115741
0.00115741 0.00115607
0.00115607 0.00115473
0.00115473 0.0011534
0.0011534 0.00115207
0.00115207 0.00115075
0.00115075 0.00114942
0.00114943 0.0011481
0.00114811 0.00114679
0.00114679 0.00114547
0.00114548 0.00114416
0.00114416 0.00114286
0.00114286 0.00114155
0.00114155 0.00114025
0.00114025 0.00113895
0.00113895 0.00113765
0.00113766 0.00113636
0.00113636 0.00113507
0.00113507 0.00113379
0.00113379 0.0011325
0.0011325 0.00113122
0.00113122 0.00112994
0.00112994 0.00112867
0.00112867 0.00112739
0.0011274 0.00112612
0.00112613 0.00112486
0.00112486 0.00112359
0.0011236 0.00112233
0.00112233 0.00112107
0.00112108 0.00111982
0.00111982 0.00111857
0.00111857 0.00111732
0.00111732 0.00111607
0.00111607 0.00111483
0.00111483 0.00111358
0.00111359 0.00111235
0.00111235 0.00111111
0.00111111 0.00110988
0.00110988 0.00110865
0.00110865 0.00110742
0.00110742 0.00110619
0.00110619 0.00110497
0.00110497 0.00110375
0.00110375 0.00110253
0.00110254 0.00110132
0.00110132 0.00110011
0.00110011 0.0010989
0.0010989 0.00109769
0.00109769 0.00109649
0.00109649 0.00109529
0.00109529 0.00109409
0.00109409 0.00109289
0.0010929 0.0010917
0.0010917 0.00109051
0.00109051 0.00108932
0.00108932 0.00108814
0.00108814 0.00108696
0.00108696 0.00108578
0.00108578 0.0010846
0.0010846 0.00108342
0.00108342 0.00108225
0.00108225 0.00108108
0.00108108 0.00107991
0.00107991 0.00107875
0.00107875 0.00107758
0.00107759 0.00107642
0.00107643 0.00107527
0.00107527 0.00107411
0.00107411 0.00107296
0.00107296 0.00107181
0.00107181 0.00107066
0.00107066 0.00106952
0.00106952 0.00106837
0.00106838 0.00106723
0.00106724 0.0010661
0.0010661 0.00106496
0.00106496 0.00106383
0.00106383 0.0010627
0.0010627 0.00106157
0.00106157 0.00106044
0.00106045 0.00105932
0.00105932 0.0010582
0.0010582 0.00105708
0.00105708 0.00105597
0.00105597 0.00105485
0.00105485 0.00105374
0.00105374 0.00105263
0.00105263 0.00105152
0.00105152 0.00105042
0.00105042 0.00104932
0.00104932 0.00104822
0.00104822 0.00104712
0.00104712 0.00104602
0.00104603 0.00104493
0.00104493 0.00104384
0.00104384 0.00104275
0.00104275 0.00104167
0.00104167 0.00104058
0.00104058 0.0010395
0.0010395 0.00103842
0.00103842 0.00103734
0.00103734 0.00103627
0.00103627 0.0010352
0.0010352 0.00103413
0.00103413 0.00103306
0.00103306 0.00103199
0.00103199 0.00103093
0.00103093 0.00102987
0.00102987 0.00102881
0.00102881 0.00102775
0.00102775 0.00102669
0.00102669 0.00102564
0.00102564 0.00102459
0.00102459 0.00102354
0.00102354 0.00102249
0.00102249 0.00102145
0.00102145 0.00102041
0.00102041 0.00101937
0.00101937 0.00101833
0.00101833 0.00101729
0.00101729 0.00101626
0.00101626 0.00101523
0.00101523 0.0010142
0.0010142 0.00101317
0.00101317 0.00101214
0.00101215 0.00101112
0.00101112 0.0010101
0.0010101 0.00100908
0.00100908 0.00100806
0.00100806 0.00100705
0.00100705 0.00100604
0.00100604 0.00100502
0.00100503 0.00100402
0.00100402 0.00100301
0.00100301 0.001002
0.001002 0.001001
0.001001 0.000999999
