alpha         energy       variance
  0.1         44.867      4.8043939
 0.15      24.282833       9.289747
  0.2      20.314581      5.9302171
 0.25      22.820156       2.274347
  0.3      16.718735     0.76607572
 0.35      16.048947      0.4662931
  0.4      16.021615    0.097682128
 0.45      15.079233     0.19439361
  0.5             15              0
 0.55      15.080599    0.055077614
  0.6      15.744747    0.098890509
 0.65      16.139893      0.6507081
  0.7      16.568262     0.73365595
 0.75      16.346655      1.5104168
  0.8      16.697916      4.6314405
 
Cycles this thread: 334
Time used: 22.319936 s
