alpha         energy       variance
  0.1      11.253681      8.9540353
 0.15      8.4246774      10.888924
  0.2      7.3268376      2.3892235
 0.25      7.7560901      3.8512467
  0.3        6.64102      1.2775829
 0.35      5.0337598     0.25669005
  0.4      5.6162408     0.34901423
 0.45      5.0473277    0.045827207
  0.5              5              0
 0.55      5.0099306    0.029540218
  0.6       5.219955    0.058777299
 0.65      5.1777375     0.35902971
  0.7      4.9195466     0.76498684
 0.75      5.9923066     0.39375087
  0.8        5.97945     0.56026577
 
Cycles this thread: 1000
Time used: 20.438456 s
