alpha         energy       variance
  0.1      45.436425      19.631508
 0.15      42.626809      8.0838837
  0.2      13.779668     0.92373551
 0.25      22.117785      2.9709563
  0.3       15.04898      0.4156666
 0.35       15.60666     0.48558785
  0.4      15.558738     0.35366093
 0.45      15.083691     0.13454996
  0.5             15              0
 0.55      15.384929      0.0294661
  0.6      15.111439     0.74132639
 0.65      15.404297     0.44562299
  0.7      16.996853     0.75893091
 0.75      17.433042      1.0481739
  0.8      16.934823       1.287919
 
Cycles this thread: 333
Time used: 22.348328 s
