alpha         energy       variance
  0.1       58.37867      73.611904
 0.15      43.522021      13.756081
  0.2       33.62868      20.069773
 0.25      28.705533      14.054513
  0.3      27.163097      9.4895077
 0.35      24.080336      1.6385118
  0.4      23.198177      1.3386791
 0.45      22.643333     0.21894552
  0.5           22.5              0
 0.55      22.553221    0.081220292
  0.6      23.117747     0.50594463
 0.65      22.855967     0.97448815
  0.7       23.67122      2.7935299
 0.75      24.337564      2.0019785
  0.8      25.692062      2.2594233
 
Cycles this thread: 1000
Time used: 14.530693 s
