alpha         energy       variance
  0.1      35.664068      8.2984641
 0.15      20.552735      3.0876811
  0.2      16.843866      3.1293529
 0.25      18.515114      3.0391056
  0.3      15.218219      2.6164266
 0.35      16.682713     0.56018294
  0.4      14.960389     0.44824225
 0.45      14.552351    0.048475693
  0.5             15              0
 0.55      14.913924     0.12686907
  0.6      15.100554     0.32251208
 0.65      15.820587     0.43840749
  0.7      15.172526     0.39593484
 0.75      16.166107      1.4089119
  0.8       15.61893      4.2582208
 
Cycles this thread: 333
Time used: 22.393286 s
