inf
1.35772705078125
0.935211181640625
0.848456488715278
0.777759552001953
0.71920166015625
0.702336629231771
0.666211186623087
0.64453125
0.603223259066358
0.58157958984375
0.545972083225723
0.510694715711805
0.483167298446745
0.45002995705118
0.419234212239583
0.395437479019165
0.364606916698205
0.342440193082079
0.318865577930229
0.291132354736328
0.266611527423469
0.246725791741994
0.222008169711425
0.205052163865831
0.1864482421875
0.168426784537953
0.152347182704261
0.137823065932916
0.124410840192108
0.112540011935764
0.099457771547379
0.0897589325904846
0.0801648296709998
0.0712944479549632
0.0643039002710459
0.0561841328938802
0.0500356759182113
0.0436984667157202
0.038587380834977
0.0338998794555664
0.0301940663806886
0.0265656901595274
0.0232687868125507
0.0204995841034188
0.0178530092592593
0.0157019862155157
0.0137266933567225
0.012024376127455
0.0100522436533606
0.0091383056640625
0.00755735380472655
0.00651523206360947
0.00560332719606621
0.00486837002475566
0.00414574993543388
0.00363962990897042
0.00301550116381964
0.00268616375826769
0.00229140459480932
0.00187861124674479
0.00162618258280704
0.00129691768015088
0.00106015713577097
0.00089690089225769
0.000782766850036982
0.000554724939379591
0.000422786407572678
0.00034629267392274
0.000316777717063117
0.000262638014190051
0.0002284126607134
0.000160064226315345
0.000147061626243198
8.33158862251187e-05
7.19943576388889e-05
6.08132486528307e-05
4.58612955125232e-05
3.64665997647518e-05
4.12703668282327e-05
2.36988067626953e-05
2.98152226461286e-05
2.21030049775059e-05
2.09534249573596e-05
1.21534005854946e-05
7.72971182958477e-06
8.95391353856815e-06
7.82191855760338e-06
4.13784310837422e-06
7.16610217302108e-06
5.50069926697531e-06
3.64840023472407e-06
3.49740675581876e-06
1.30552710212163e-06
9.3251992912517e-07
1.48783760387812e-06
0
0
0
0
