1.3482666015625
1.29852294921875
3.66424560546875
7.74261474609375
13.8497924804687
22.0611572265625
29.4000244140625
35.4818725585937
45.479736328125
54.5999145507812
61.9622802734375
70.3311157226562
79.2471313476562
88.2785034179687
96.7312622070312
103.598937988281
109.610290527344
113.201599121094
116.961364746094
119.870300292969
121.124267578125
124.022827148437
123.488159179687
123.695373535156
118.5009765625
115.472106933594
114.908752441406
112.7392578125
106.8701171875
102.561340332031
98.056640625
92.303466796875
88.8186645507812
84.4967651367187
79.7564697265625
76.0009765625
70.4208374023437
66.9332885742187
61.240234375
56.2060546875
49.7039794921875
46.5625
41.7474365234375
38.4381103515625
35.6661987304687
31.9784545898437
29.095458984375
26.0452270507812
22.7633666992187
20.355224609375
17.2195434570312
15.653076171875
13.8638305664062
12.1969604492187
11.3027954101562
9.39971923828125
8.01788330078125
8.14910888671875
6.92108154296875
6.6461181640625
5.106201171875
4.70672607421875
3.74359130859375
2.8399658203125
2.7734375
2.51922607421875
2.00897216796875
1.8896484375
1.6119384765625
1.5911865234375
1.23992919921875
1.0284423828125
0.76416015625
0.782470703125
0.56243896484375
0.4669189453125
0.46051025390625
0.37322998046875
0.27252197265625
0.31768798828125
0.24993896484375
0.14923095703125
0.118408203125
0.11962890625
0.0543212890625
0.0311279296875
0.03509521484375
0.03173828125
0.015869140625
0.008544921875
0.00885009765625
0.0213623046875
0.01068115234375
0.0018310546875
0.01556396484375
0.00244140625
0.00457763671875
0
0
0
