0.56671142578125
1.3397216796875
3.86993408203125
7.359619140625
11.9366455078125
17.4856567382812
23.9773559570312
31.0379028320312
39.2367553710937
46.9769287109375
54.3234252929687
62.0562744140625
69.4964599609375
75.653076171875
82.6602172851562
88.7625122070312
95.2297973632812
100.52490234375
104.637756347656
108.588256835937
110.982971191406
112.024230957031
115.315551757812
113.834838867187
114.761047363281
112.210693359375
112.347106933594
108.276977539062
103.272094726562
98.42529296875
95.5889892578125
93.834228515625
91.011962890625
87.506103515625
81.9583129882812
79.4342041015625
75.3933715820312
70.4010009765625
67.1719360351562
62.6510620117187
60.5783081054687
55.921630859375
50.157470703125
46.8124389648437
43.5501098632812
39.3896484375
36.8829345703125
33.6004638671875
30.5715942382812
28.5653686523437
25.6378173828125
23.2525634765625
21.7047119140625
19.21875
18.5479736328125
16.3772583007812
14.6737670898437
13.6749267578125
11.8966674804687
10.7339477539062
8.86322021484375
7.9522705078125
7.06512451171875
6.30706787109375
5.506591796875
4.83978271484375
4.27520751953125
3.4918212890625
3.02825927734375
2.3370361328125
2.1820068359375
1.59515380859375
1.3427734375
1.14837646484375
0.92071533203125
0.91949462890625
0.6512451171875
0.47454833984375
0.52978515625
0.37353515625
0.30731201171875
0.2447509765625
0.19927978515625
0.15380859375
0.172119140625
0.14892578125
0.15716552734375
0.123291015625
0.1165771484375
0.1251220703125
0.09735107421875
0.0537109375
0.0250244140625
0.04364013671875
0.08026123046875
0.0347900390625
0.0408935546875
0.03997802734375
0.04364013671875
0.0421142578125
