inf
0.7989501953125
0.52398681640625
0.461188422309028
0.432338714599609
0.41134033203125
0.391557481553819
0.368534010283801
0.370750427246094
0.352575985001929
0.346054077148438
0.336351631101498
0.324039459228516
0.313122991979475
0.301585294762436
0.286439344618056
0.27502179145813
0.265024574570177
0.249459537459008
0.240281546214941
0.222882843017578
0.210882000912344
0.201484743228629
0.188276727168006
0.17704168955485
0.16696435546875
0.156995784601516
0.145535357858582
0.134262162811902
0.12473597396143
0.115366617838542
0.106496820836856
0.0974920392036438
0.090328948666351
0.0824692670036765
0.0760228993941326
0.069228278266059
0.0620648179984249
0.057120072214227
0.0520205325315376
0.0465785980224609
0.0424043654260857
0.0375582463616957
0.0337967735938345
0.0307628537012526
0.0275473512249228
0.0244828568514443
0.0218586815919958
0.0196222464243571
0.0172044912113442
0.0154525146484375
0.0128747572673371
0.0118145011585845
0.0102747220847054
0.00919619378402563
0.00796624806301653
0.00693418541733099
0.00605006994339604
0.00513528104911378
0.00446471904961757
0.00386945936414931
0.00328098820986462
0.0027537271457954
0.00244025290237623
0.00212691724300384
0.00171953009430473
0.00143683427402577
0.00120914601143072
0.00101069678072286
0.000870850276005566
0.000750794702646684
0.000610654256192968
0.000496028382101177
0.000456532431624132
0.000363580496142257
0.000321994357638889
0.000265390919186072
0.000209850170375485
0.000156400079871384
0.000121023883767625
0.000109434127807617
8.63757698188157e-05
6.69444195930621e-05
5.27601038566918e-05
5.02138721699617e-05
3.33264624783737e-05
3.12355416990603e-05
2.0280541414817e-05
1.3201689917194e-05
1.282963453557e-05
1.06623143325617e-05
8.18126113241155e-06
4.93963634584712e-06
4.93983227829807e-06
2.97024866313943e-06
2.06268395083103e-06
1.39077504475911e-06
2.27041180651504e-06
0
3.11372085756555e-07
