5.0 74.999946 0.0004905762224160482 9.961702
1.0 75.0 1.8069548970574778e-05 9.539777
0.5 75.0 1.7059844665177934e-05 9.534204
0.1 75.0 1.1324254942379211e-05 9.534645
0.05 75.0 1.022701764934431e-05 9.854342
0.01 75.0 1.4957797297730705e-05 9.864483
0.005 75.0 1.4835690749001206e-05 9.533953
0.001 75.0 9.196902032749942e-06 9.536299
0.0005 75.0 2.0762959567460513e-05 9.529332
0.0001 75.0 3.3036246760187514e-06 9.549658
0.00005 75.0 1.9073486309534499e-06 9.814819
0.00001 75.0 2.1726199621654955e-05 9.902295
