0
0.0915895842988376
0.130372733631121
0.115780936417081
0.113224381782244
0.130659267111629
0.111290851358108
0.113981981320797
0.107033575786178
0.106567753485581
0.108380588835908
0.100933106122774
0.0939507811803545
0.0904631709303626
0.0859023474694472
0.079665962335838
0.0760121191157094
0.070905142617737
0.0635905908159629
0.059408079497796
0.0553492675643433
0.0504261983424157
0.0479435213998314
0.0415587675944224
0.0386242583425692
0.0338921151721364
0.0290591538223887
0.0252248408377824
0.021237768344148
0.019487620544208
0.0173537217636669
0.0151730996677923
0.0138583798268516
0.0117624499208203
0.0102336163918332
0.00929527146078223
0.00753889748169066
0.00665178508218734
0.00612725462759258
0.00550967620294128
0.00499224230983578
0.00424695795730926
0.0035009288500881
0.00323402298555474
0.00299220765524657
0.00226624598962523
0.00213388572805496
0.0020019346008724
0.00172614633863475
0.00148664163678689
0.00144739424576055
0.00116832258468418
0.000874017515269419
0.000834862763811038
0.000696585783605385
0.000592871161804952
0.000474697077535814
0.000443639803333691
0.000371834070331398
0.000301820492463922
0.000273348553615178
0.000215734537633962
0.000246187550594196
0.000166223666334773
0.000126085697041178
0.000115472703239436
0.000114222605250132
7.88835464900636e-05
4.76144938943372e-05
3.21768164612199e-05
3.32248935549767e-05
1.52009600097652e-05
2.58729130840316e-05
2.87699294958683e-05
2.62526038604778e-05
3.40823816837858e-05
3.15373166666116e-05
4.85190195772036e-05
3.78326051284311e-05
4.30346465294125e-05
4.49701257014368e-05
4.38733484097773e-05
3.28257618174536e-05
4.59765088271643e-05
2.99298394142133e-05
2.3918586852263e-05
1.55791725176929e-05
2.03001544403125e-05
1.24024941306214e-05
1.33395840808094e-05
4.74415212384047e-06
6.96153373222624e-06
6.81182916172529e-06
7.77805251119257e-06
1.08775859276328e-06
1.06509778365999e-05
4.17255116279072e-06
0
0
0
