0.786837792385469
1.89007596689419
1.59054735029967
1.87218561811838
1.47621662323685
1.50033986867152
1.49542779031091
1.46124555175859
1.52197178718288
1.37763823400987
1.41986495219878
1.36762523648975
1.34147051250177
1.28534420604589
1.23514644124887
1.13816024019019
1.08828238114514
0.979638895746757
0.916090421197031
0.868977252258604
0.814084884852425
0.701680549934714
0.677367711109983
0.618668120046126
0.558700625074248
0.511174951705972
0.459068241084675
0.395107830291598
0.391380022598885
0.338600197279288
0.319091297892696
0.271588694956922
0.243436649486672
0.228809511484036
0.192357712896252
0.172332483077637
0.152972541647342
0.126211232629
0.116863456442629
0.0975617353404439
0.0784842079860659
0.0674606429314424
0.0599029899556549
0.0478840736654835
0.0403849928289262
0.0354341401938917
0.0261681776124634
0.025663510012474
0.0206518130131875
0.0172410786090298
0.0149119696635594
0.0126684257693498
0.0101287352374367
0.00809070255660778
0.00733867839629335
0.00512139769559171
0.00355414222155019
0.00308197452779498
0.00241834067116298
0.00209628051129488
0.00114381773405963
0.000572723832052066
0.000579411103923714
0.000717893515474818
0.000427290417750657
0.000126793556498204
3.2948828437538e-05
0
0
0
0
0
0
0
0
0
0
0
0
0
0
0
0
0
0
0
0
0
0
0
0
0
0
0
0
0
0
0
0
0
