0.541861674154345
0.636053235279854
0.562999312217332
0.491330580943404
0.443641314483276
0.374364419738955
0.301539406601791
0.247611197129851
0.199361785764845
0.159394604040366
0.123468910047731
0.092328558825808
0.0675640176746535
0.0477971726707851
0.0325294524464696
0.0231058068399525
0.0157180738451815
0.0104813798841095
0.00672067558838385
0.0044401218057588
0.0025089164342188
0.00151015958577547
0.00092328209978667
0.000491894532863521
0.000250806872354346
0.000164307301407448
0.000109352182250481
5.21771465903721e-05
4.1853710137679e-05
3.06935604218625e-05
1.6641091492686e-05
4.28272974494137e-06
1.06328810051739e-05
3.2457091392992e-06
0
0
0
0
0
0
0
0
0
0
0
0
0
0
0
0
0
0
0
0
0
0
0
0
0
0
0
0
0
0
0
0
0
0
0
0
0
0
0
0
0
0
0
0
0
0
0
0
0
0
0
0
0
0
0
0
0
0
0
0
0
0
0
0
0
0
