0.0947119564908435
0.0874264213761632
0.0801408862614829
0.0827006688693436
0.0783493612332829
0.0782194264510178
0.083468138518581
0.0839776473573796
0.082457484984584
0.0765653284376731
0.074484141474556
0.0746354441093316
0.0724359280165332
0.0716832723714976
0.0713197312256418
0.0665600829409139
0.0640627714367969
0.059655769029346
0.0552480501198928
0.051241384132611
0.0466771119678841
0.0436606833981416
0.0408114669458949
0.0371223735505404
0.0342310928042334
0.0316851693736863
0.0296919269244231
0.0272123887602095
0.0240599042277172
0.0218175408125948
0.0204626692095946
0.0184744724826071
0.0171551476887801
0.0154127907994855
0.0139977755311737
0.0121297126545655
0.0108435447578766
0.00950797732671949
0.0085060711300697
0.00780693102654053
0.00691392988936331
0.00583463214719314
0.00522584886339956
0.00444293157777402
0.00398674880623221
0.00333368069488348
0.00290657698116117
0.00255731000627571
0.00205754165843245
0.00173243305406898
0.0015340474538949
0.001292845994964
0.00109780829034848
0.000879829965520372
0.000700673728344853
0.000573949741747347
0.000508169307362057
0.00040250763613719
0.000383897389407035
0.000340234009686603
0.000293916041872631
0.000222155208396878
0.000129932318369159
9.69638053619511e-05
9.04781622286228e-05
6.96232475414244e-05
6.31519211719477e-05
5.5431681317342e-05
3.93337123474959e-05
4.87679874490364e-05
4.88601375808481e-05
3.70523400238026e-05
3.18791250499676e-05
1.84307360832906e-05
7.43823776046871e-06
5.5383870236152e-06
4.56461162279905e-06
4.85190195772036e-06
4.72907564105389e-06
1.53695166176473e-06
0
0
0
0
0
0
0
0
0
0
0
0
0
0
0
0
0
0
0
0
