4.47058648474568
4.12127109576503
4.17494713877629
3.79130878847897
3.34674790518054
2.86288504916442
2.35056030359423
3.39841652939991
1.53906089950257
1.16010384997915
0.860466268670952
0.651337391349874
0.459386775843863
0.342255326812195
0.247634588057043
0.1760767823373
0.119584880381446
0.0797296380198355
0.0520043199045203
0.0353429864606877
0.0240751981148871
0.0154975203056776
0.00903137763064051
0.00499698893049736
0.0019579117132178
0.00141061552515145
0.000993678525667414
0.000736500492256406
0.000458896036152409
0.000288449709873639
0.000201977169293581
6.63823110465913e-05
5.48886559996817e-05
4.38170733805392e-05
2.16770682143595e-05
0
0
0
0
0
0
0
0
0
0
0
0
0
0
0
0
0
0
0
0
0
0
0
0
0
0
0
0
0
0
0
0
0
0
0
0
0
0
0
0
0
0
0
0
0
0
0
0
0
0
0
0
0
0
0
0
0
0
0
0
0
0
0
0
0
