11.0357643149619
9.60077409505259
8.32262145202459
7.00683878324944
6.6688921999738
5.58841574469012
4.85246756007274
3.93743835369817
3.14558854007865
2.42723920060525
1.85268296577906
1.40477779527985
1.04374028499675
0.764999500772292
0.564738658524946
0.421223418467259
0.286549147245371
0.195662994739308
0.119448724694242
0.0895758457915701
0.0636191587814531
0.0378997528739703
0.0214573158125746
0.0151915718244476
0.0092869335033466
0.00531291393357834
0.003233021040449
0.00112903317968244
0.000526908315126138
0.000100800442749071
2.51247851948397e-05
0
0
0
0
0
0
0
0
0
0
0
0
0
0
0
0
0
0
0
0
0
0
0
0
0
0
0
0
0
0
0
0
0
0
0
0
0
0
0
0
0
0
0
0
0
0
0
0
0
0
0
0
0
0
0
0
0
0
0
0
0
0
0
0
0
0
0
0
0
