4.25384181508394
4.46395144383767
4.2382641906611
3.694578541855
3.29210639182044
2.94950085468304
2.52057285480875
2.07402264167418
1.64145708110573
1.27396722003945
0.966004728438331
0.718873109017161
0.550685094080013
0.397008387442106
0.273133960958424
0.187059398117838
0.124246463589768
0.0815956149813348
0.0539427546368342
0.0360429661162063
0.020943746860203
0.0115225176394668
0.00654810850251299
0.00300193065754252
0.00196751923453782
0.000924228570416897
0.000649197540475188
0.000194660893048696
5.71751575987936e-05
5.75504257909921e-05
4.7639203096709e-05
0
0
0
0
0
0
0
0
0
0
0
0
0
0
0
0
0
0
0
0
0
0
0
0
0
0
0
0
0
0
0
0
0
0
0
0
0
0
0
0
0
0
0
0
0
0
0
0
0
0
0
0
0
0
0
0
0
0
0
0
0
0
0
0
0
0
0
0
0
