0.576519548106871
0.522586971792317
0.440531286825487
0.350607243554304
0.24987021236822
0.181106832441619
0.12300656974436
0.0745210096435455
0.0456876688028092
0.028480452755975
0.0160828159713321
0.00903852649877629
0.0045273289366242
0.00236847722268626
0.000960875896942723
0.000369122404705255
0.00014994813312316
4.1128695100758e-05
1.40719548762459e-05
1.42248840966363e-05
1.07553926326137e-05
2.08390737677067e-06
6.00119313287171e-06
4.02541135264971e-07
0
0
0
0
0
0
0
0
0
0
0
0
0
0
0
0
0
0
0
0
0
0
0
0
0
0
