1.16568561834884
2.88507190541339
2.39579070508012
3.29227424641768
3.01501718745883
2.76017701773315
3.09618032448444
2.86834535142229
3.17313592054683
3.03529910180022
2.96985704517698
2.56788503155411
2.62645871012725
2.63355445549451
2.52659124893067
2.3818142204598
2.2610662687122
2.10882548942967
1.97383377829468
1.81843380739664
1.73912251858853
1.55621551359488
1.40043428895642
1.29611296514539
1.17492501990461
1.07377808875248
0.94722329820385
0.845134916908226
0.792529896964193
0.704612534338974
0.612350401054158
0.569412168694285
0.514157846382945
0.406882097702547
0.362322249254074
0.311830922686839
0.284859501556726
0.230526142609471
0.205043497371919
0.175724429948272
0.154167312042651
0.1253388402195
0.117977537808345
0.110198049890323
0.094784309052999
0.0846768972562452
0.0720804136981932
0.0584220484598678
0.0470725887897069
0.0428351010279528
0.0301819789563333
0.0286843338032806
0.0239508993297217
0.0214586880308016
0.0164531599874117
0.0127656513988641
0.0112862273114124
0.00787093399424476
0.00825982553178906
0.00383860789960934
0.00401265061229271
0.00425818884996559
0.00286721460439503
0.00203081957565527
0.00217381081380252
0.00213058458330017
0.0017375015529395
0.00280143189426875
0.00248009407327895
0.00116439854569039
0.00170424159881998
0.00100896372064816
0.00102752426248011
0.000548426781014989
0.000145264408027977
2.04494290102715e-05
0
0
0
0
0
0
0
0
0
0
0
0
0
0
0
0
0
0
0
0
0
0
0
0
