5.82842809174421
1.65693884322443
1.81486514198851
1.64160827705647
1.7668019828109
1.55109843199797
1.59249176994901
1.46029713890343
1.47443115251751
1.49681453350573
1.48992494697227
1.39711605495144
1.30700014486962
1.19412184772698
1.07545351546259
1.03484912921586
0.999286493208165
0.895621375457985
0.831565444671797
0.806829913721195
0.733158246984601
0.666639594815729
0.614824341856902
0.563980440048303
0.507548158930366
0.464224140328794
0.431399113420854
0.397294454096401
0.358922470387115
0.320175690055146
0.295853808250674
0.267031870508305
0.228580503096308
0.209599240991571
0.189536123687738
0.161410924487315
0.143928051970324
0.125831327977369
0.113323082846312
0.099138374321681
0.0889720622336568
0.0848926287303183
0.0711855532851247
0.0609189829767056
0.055782599107318
0.0466034954284732
0.0413423513344374
0.0343719255262689
0.0303799690831368
0.026880462981956
0.0234011273615563
0.0185484944518277
0.0175094254848278
0.0155204720918652
0.0132547520232518
0.0103508051640123
0.00800442732344845
0.00646215726776459
0.00580458529639472
0.00479483009618822
0.00398014071149867
0.00332911779057171
0.00293124823497888
0.00245059455911664
0.00217205962356584
0.00145359755842584
0.00133058352173591
0.000914089744800399
0.00077580572116969
0.000707889962146837
0.000558959973924903
0.000355797470228566
0.000364992881006875
0.000173518637271956
0.000132138106097738
0.000111193770243351
5.76800923244607e-05
4.32627924563399e-05
1.73399440171976e-05
2.07488474338239e-05
4.00983620837811e-05
3.14425663603404e-05
2.89009424697146e-05
1.7763651137768e-05
4.93162126711469e-05
2.12609660909004e-05
1.03861150117953e-05
1.96657746140527e-05
1.7983616489401e-05
8.18565386776943e-06
1.48254753870015e-06
0
0
0
0
0
0
0
0
0
