0.0364276755734013
0.0936711657601749
0.0904940151086602
0.0903800166929255
0.081096366276523
0.0900684286155528
0.0856480624111625
0.084538073135432
0.0845390664459213
0.0841734702732986
0.0826280931133224
0.0794251787817033
0.0761330652389083
0.0738143246902341
0.0690913504377919
0.0649736349339724
0.0632602033091087
0.0592831682128172
0.056177363751853
0.0522566339864534
0.047815296280011
0.0451997329933841
0.0421304413741616
0.0379841507880041
0.0358856091073452
0.0325701882471765
0.0293980159207459
0.0276009078209747
0.024702657633403
0.0221551699772353
0.0201468147671452
0.0180829086202125
0.0154699797370412
0.0140604119914441
0.012294212993857
0.0108271414465455
0.00960407418545167
0.00860311352010834
0.0074804932164673
0.00653067834676317
0.00589830764009067
0.00519448642587229
0.00475798279587626
0.00408231234803557
0.00368998066993316
0.00314248085207349
0.00276394356670697
0.00258206511155532
0.00222891743128733
0.00182361374112525
0.00164641095455263
0.00145124709774642
0.00133569612212544
0.00123362851481834
0.00106368322120963
0.00085698265010902
0.000778229343460156
0.00057731934672232
0.000445633198794118
0.000381391349568047
0.000351637702466127
0.000315897001535445
0.000225671921378013
0.000194529870384536
0.000161693231853732
0.000127359599161142
0.000120812370937639
0.000111396359570428
9.52289877886744e-05
7.49116508237775e-05
6.10751719760602e-05
5.98537800384504e-05
6.00621196593592e-05
5.4393147953126e-05
4.94424039372332e-05
5.06975427546314e-05
3.90066811402828e-05
2.91114117463222e-05
2.12808403847425e-05
1.07586616323531e-05
1.16172824728712e-05
5.8497797879703e-06
1.78400879442682e-06
5.22460327581412e-06
3.74122992677666e-06
1.6610129758516e-06
1.29826437647441e-06
6.34379826259765e-07
0
0
0
0
0
0
0
0
0
0
0
0
