0.0655698160321224
0.0770185140694771
0.099696796306151
0.104557274213384
0.107372066690124
0.0974340245556691
0.10067806398633
0.0902716599416596
0.0905152196736313
0.0885824287928837
0.0842788941211805
0.0812236232180727
0.0787894117306147
0.0725490123759843
0.0702113138389393
0.0660245304290165
0.0629748457525974
0.0589502057810255
0.0548224102884607
0.0522821748632796
0.0477286324998998
0.0438182652679616
0.0383413875620501
0.0360451520037108
0.0332521369476245
0.0301690610925176
0.0278108965008891
0.0257771158663081
0.0236891999379263
0.0218956698754868
0.0199562579547584
0.0175396137611399
0.0162769291927852
0.0149129515920334
0.0133061495429697
0.0118849988329405
0.01057377763329
0.0089208519560176
0.00786713281328865
0.00675013155145659
0.00599009857224067
0.00533830771127917
0.00474588281137135
0.00424016346994955
0.00382487527734182
0.00336535183449005
0.00298294762827051
0.00258098880263012
0.00227124518241414
0.00198912651002085
0.0017606789213232
0.00161331065377236
0.00135684170717228
0.00108175815432833
0.00101789824012759
0.000870385322649823
0.000734106858689199
0.000608168472119696
0.000513045864216795
0.000373159881591758
0.000352301169829271
0.000267099903737287
0.000221320121241247
0.000186700494796303
0.000144181329486902
0.000118868959217066
8.95109839219781e-05
7.56855648756016e-05
6.93515454547955e-05
6.58619211940594e-05
5.47233540905499e-05
3.61022800231923e-05
3.04930761347516e-05
2.15774471219012e-05
1.31263019302389e-05
9.3726549630411e-06
1.28639054824337e-05
1.37470555468744e-05
1.65517647436886e-05
1.19113753786767e-05
9.36877618779932e-06
7.31222473496288e-06
9.27684573101949e-06
4.1796826206513e-06
1.70055905762576e-06
3.65422854687351e-06
1.62283047059301e-06
1.58594956564941e-06
9.30187059796604e-07
3.03172365472942e-07
0
0
0
0
0
0
0
0
0
0
