1.57367558477094
1.47896362828009
1.53111272173254
1.40965259151341
1.51383864882906
1.53076298233722
1.4778736663338
1.44003559154307
1.41450175076772
1.36217999529791
1.31249685464769
1.2187213777479
1.17554982900518
1.11821642794899
1.08322398318395
1.03122151880508
0.954467521988602
0.880836257951044
0.840418753165586
0.771091841822102
0.715005073843978
0.667627107866602
0.613443015910208
0.569968912484147
0.504955139491993
0.459761703392842
0.420922050583891
0.378725811712886
0.345278160882231
0.327782112392419
0.296819644149073
0.263544504858852
0.23928925114433
0.221833400640636
0.194077596990812
0.176596669591466
0.150644888822362
0.133850769805427
0.117938183457523
0.100188948173937
0.0875715102689164
0.0771784497846215
0.0664437038019217
0.0570676722704954
0.0521061078981257
0.0443126163302651
0.0396341196542418
0.0354041057855359
0.0308992583225705
0.0278388512904712
0.0237658326221657
0.0203247842749369
0.0182354239047693
0.0164817520831232
0.0139464322731698
0.0122539846648063
0.0104182315334182
0.0091901013564754
0.00787947617740428
0.00672373742529856
0.00647942226846075
0.00556800568560036
0.00469434897610297
0.00388156351278121
0.00331208446764649
0.00269945745955327
0.00248159592848723
0.00180366163055659
0.0017565607856237
0.00170185193314421
0.00134169937797009
0.00128590621082607
0.000952215604753379
0.00102133249710332
0.000490048605395586
0.000414952997000092
0.000334046577850294
0.000344889364161289
0.000334188011967808
0.000175980965272062
0.000203115067751489
0.00019706445660725
0.000127735029680961
7.55825940567776e-05
0.000122100140337529
7.37489761278108e-05
5.7123632564874e-05
6.24864128865868e-05
3.81376694516608e-05
6.66979204040472e-06
4.74415212384047e-06
1.16025562203771e-06
0
0
0
0
0
0
0
0
