0.0291421404587211
0.108242235989535
0.0889602182424117
0.106329431403442
0.105102801654404
0.0995956668424423
0.0878853527219698
0.104325414068203
0.102333230550901
0.103879364144371
0.110669699566805
0.0955010698659852
0.086867190535804
0.084549500745869
0.0771273764913854
0.0778875238057635
0.0679864378388279
0.0625969371768394
0.0584261608612529
0.0549639669300331
0.0493867994926938
0.0452995348442701
0.041900220383046
0.0389558485914708
0.035679300228473
0.0321295459388565
0.0285750651104498
0.0260083007619701
0.0230912897931023
0.02122878251723
0.0181055075440424
0.0156919217854652
0.0141250639774678
0.0129222499865965
0.0110007295822896
0.0102510041814597
0.00893147912482695
0.00785366525280063
0.00709057701289323
0.0064497452499968
0.00580947770575195
0.00495196425832342
0.00397955045939354
0.00347015799719842
0.00347782824191773
0.00278236826469515
0.00244386070749873
0.00204068172217961
0.00154444672404162
0.00152628541376787
0.00157308900920818
0.00135877015334743
0.00111719174330809
0.00115387536461688
0.00107921741121961
0.000999681693043456
0.000903750205308568
0.000722750937881377
0.000593231455719558
0.000647542147468051
0.000469734893105694
0.000441742148488589
0.000328250067458928
0.000264994250678624
0.000214812669033117
0.000144906921712233
5.49147140625633e-05
4.26397548594938e-05
3.51933215740753e-05
1.60884082306099e-05
2.5407271542041e-05
5.13032400329575e-05
3.69613044057595e-05
2.15774471219012e-05
2.97529510418749e-05
8.52059542094645e-06
1.65985877192693e-06
0
0
0
0
0
0
0
0
0
0
0
0
0
0
0
0
0
0
0
0
0
0
0
