0.588306960510432
0.627466711751838
0.572010368806542
0.486678668319503
0.437027601254171
0.381519856012302
0.314748024398288
0.249799013148017
0.195450427051204
0.157821896275758
0.123177268536343
0.0918651841113352
0.0667271131878659
0.0478954008636019
0.0354866753961487
0.0237184081802126
0.0158351150304694
0.0102514772526343
0.00593058165128793
0.00386545207716877
0.00215720592660091
0.00123504790471463
0.000860331047528488
0.000556747666805304
0.000306935023223967
0.00015683878770711
7.60710833046824e-05
3.17076506203031e-05
4.48432608617989e-06
2.44153321537542e-06
3.26295911621295e-07
0
0
0
0
0
0
0
0
0
0
0
0
0
0
0
0
0
0
0
0
0
0
0
0
0
0
0
0
0
0
0
0
0
0
0
0
0
0
0
0
0
0
0
0
0
0
0
0
0
0
0
0
0
0
0
0
0
0
0
0
0
0
0
0
0
0
0
0
0
