5.62443310853317
0.145710702293605
0.185589420816066
0.167764213992097
0.173419622729766
0.178375519071512
0.159937574013611
0.158471166163104
0.14477063324655
0.140548994758481
0.126077175640147
0.109374784089407
0.1050732612275
0.102130682375445
0.0934303488874687
0.0856479828460887
0.0814695823839889
0.0774375484224122
0.0701170682312559
0.0587440167003142
0.053107564452134
0.0476737683495588
0.0417467397223022
0.0387623883953055
0.0329770584424617
0.0302624175137719
0.0280356519742893
0.02428725764982
0.0223020484019347
0.0197666529116794
0.0174999023320733
0.0153003579230705
0.01362847969701
0.0118230364914205
0.010772227780877
0.00880199005656161
0.00735662239751052
0.00658961886646596
0.00516393224229193
0.00511123634193762
0.00466653255059382
0.00359835216037624
0.0029362629065255
0.00257695164880711
0.00254092387773397
0.00207856516232707
0.00182840313961762
0.00180819899433636
0.00146598552683094
0.00133995966195725
0.00112744393880296
0.000875326325202254
0.000796483703431003
0.000688931467697726
0.000676963648855938
0.000706399682150581
0.00052642688726728
0.000399569624194583
0.000394541494473773
0.000373159881591758
0.000238848250731709
0.000133549951868643
7.46022880588473e-05
7.22711592759884e-05
6.30428485205888e-05
3.62267304280582e-05
1.53761199375177e-05
1.27919264578482e-05
4.14039077342063e-06
8.04420411530497e-06
0
0
0
0
0
0
0
0
0
0
0
0
0
0
0
0
0
0
0
0
0
0
0
0
0
0
0
0
0
0
