2.70293352754638
2.09927490375859
2.73744395703697
2.41367809285813
2.21504154486656
2.27444798981266
2.37301925632964
2.28670961315444
2.44602608654392
2.37852558574252
2.21029048544132
2.12605494737012
2.04860237594603
2.02756309050782
1.9205755887655
1.91028549564504
1.75871212532126
1.59713358085836
1.52318760676589
1.4358250873206
1.35060879235009
1.25356902714748
1.14651972083847
1.07776235601435
0.988255937246682
0.913298400616451
0.85251479948952
0.772880004309878
0.746293505464954
0.682175541670592
0.612708021373295
0.54861033850457
0.506274570930677
0.471261820383593
0.408812164868249
0.362396120380422
0.337451331595222
0.299264708804058
0.261722240980527
0.231821960847315
0.206873073083622
0.184340817551375
0.16846270649101
0.150129250364742
0.135880564357353
0.121221873346708
0.109181947922559
0.0943040354081926
0.0856878864274426
0.0751219840956904
0.0665553772455186
0.0601521320716394
0.0492410190457432
0.0452768814946911
0.0366320728103747
0.0332063038085941
0.0292669005880734
0.0259749635845905
0.0233432320183619
0.0179672367252443
0.0160034962663876
0.0139585382385784
0.0119624768902362
0.0120024327767598
0.00873902301112717
0.00764327407765734
0.00701864960433621
0.00576222987232485
0.00495656530463117
0.00443637856959069
0.0034334018678062
0.00267251878171684
0.00216547042187243
0.00174597509628051
0.00121855836252385
0.00103184410547662
0.000988445898682485
0.000826844958628178
0.000561971822011904
0.000418435089915448
0.00044070723187408
0.000322469110811863
0.000247620420666443
0.000218736723814085
9.59115308500927e-05
4.78371737045259e-05
5.93955952237042e-05
0.000101183582288432
7.10042788978074e-05
3.03172365472942e-07
1.18603803096012e-06
0
0
0
0
0
0
0
0
0
