0.0655698160321224
0.0718145604161341
0.0766898433124239
0.0823068561604419
0.0864709413611232
0.083583501755233
0.0900079101963255
0.0837189893059709
0.0791000955308143
0.0802753057285435
0.0763110279232522
0.0714973420826053
0.06735624788327
0.065902792956925
0.0626024903198041
0.0608812053619259
0.05835562030657
0.0543045870898366
0.0509774638111903
0.0491598026712738
0.0447300657080528
0.0416173718194749
0.0390080691821558
0.0364188819281211
0.0337132979709858
0.0317337147127385
0.0292078382124842
0.026923407640632
0.0242452563726126
0.0231541058527832
0.0209220938531574
0.0187289889931636
0.0173781508147265
0.015581567674729
0.0138427207373581
0.0118676569085733
0.0107925077343062
0.00929039557169468
0.00825541071348636
0.00712366892114753
0.00641500175816086
0.00559916004265441
0.00527290435869644
0.00457126582323254
0.00413758550360734
0.00357531976002986
0.00318959761456636
0.00286190543210738
0.00243126472935695
0.00219031867819935
0.00181876513776491
0.00155837385511949
0.00141851633022557
0.0011759347465875
0.000995005749586566
0.000887729957702627
0.000764536158531238
0.000677211752770966
0.000548526214439257
0.000472623452971915
0.000406042026243905
0.000331948678442734
0.000301517580904508
0.000231267709683163
0.000173951563510514
0.000151133391004555
0.000114222605250132
7.72845556828326e-05
5.58952754411784e-05
4.72596991774167e-05
3.66451031856361e-05
2.32764700149529e-05
1.75566195927358e-05
2.02288566767824e-05
1.09385849418658e-05
7.66853587885181e-06
7.05439978068944e-06
3.23460130514691e-06
7.88179273508981e-07
1.15271374632355e-06
0
0
0
0
0
0
0
0
0
0
0
0
0
0
0
0
0
0
0
0
