1.04911705651396
1.36551743863722
2.09516651929542
1.98717892911766
2.11782145333624
1.78343494741338
1.81736812939426
1.5567765920789
1.48786071033258
1.39936041988685
1.26446955065907
1.26280161791279
1.21259887217898
1.17319757777239
1.10689331279583
1.04208414050866
0.924808170958704
0.841475341907097
0.815213781147612
0.744414395977112
0.682032394304343
0.639383184065855
0.584070654460371
0.53732690120389
0.479753094092516
0.444331754087942
0.411765858375218
0.388300719474885
0.361651930198236
0.337138067673737
0.295483136095073
0.265078945744611
0.238948998952164
0.216622955569014
0.192210818881058
0.167199273464966
0.148036532367744
0.132227540839369
0.117780906333392
0.113138243656556
0.0868223778226599
0.0821134938917205
0.0756168364993683
0.0682738185839335
0.0585099228061984
0.0531981304976621
0.0481539391979391
0.0371197422123051
0.0363316638452356
0.0344742284626634
0.0259121659313396
0.021754972266533
0.0184107560474494
0.016025292563885
0.0152889133256112
0.0130337048496801
0.0101573002872727
0.00835276795283234
0.0069286027914423
0.00544374415498565
0.00429396077426561
0.00349284489502606
0.00249668990703609
0.00234158556054203
0.00102969985916962
0.00092151745526373
0.000753429876938368
0.000509545070570951
0.000277406181819182
0.000317746062554546
0.000506191025337587
0.0004693296403015
0.000358524652735867
0.000366816601072321
0.000229272740381506
4.94194534414894e-05
2.48978815789039e-05
0
0
0
0
0
0
0
0
0
0
0
0
0
0
0
0
0
0
0
0
0
0
0
