1.60281772522966
2.83511395034129
3.01391084217826
3.13947491536384
3.20085805038412
2.91965818200176
3.15308781136446
2.9700841849764
2.83336810782533
2.5712831015073
2.54892479885327
2.53287041946642
2.28507935046795
2.23190436972066
2.08876638118317
2.07297220208936
1.88371656992051
1.78540798068267
1.69191832994279
1.51158571320639
1.41319737434639
1.30725717019517
1.25228708117351
1.10150959509364
1.05465098879429
0.940300811900026
0.815993763950245
0.757824087979893
0.656457506205151
0.609306238905416
0.563839335281597
0.524186542587704
0.486018070490334
0.409703700847645
0.390852331316154
0.348934933310558
0.299244651200222
0.273220518095452
0.234749214192108
0.216278137051051
0.21591003840368
0.18530385615856
0.184059586517842
0.167506990542281
0.141914032252358
0.13072908025453
0.112278328423742
0.098499487598623
0.0765822580143095
0.0697889049973236
0.0586156580210768
0.0462091725735433
0.0400144954369717
0.0322813602006935
0.0296686677411646
0.0260453347092931
0.0198703327968517
0.0149339147042725
0.0156141925259009
0.0117188665755765
0.0128553436282711
0.011310653615952
0.0103249566673445
0.00907243952777908
0.00763518943193798
0.00897517246355142
0.00740470004419603
0.00536834513681027
0.00426253230123653
0.00371038914818442
0.00209707710497
0.00227064340145867
0.00108666234952933
0.00217932215931202
0.002014449802894
0.00135988702918305
0.0011154250947349
0.000993022600680101
0.000499705659404694
0.000371942302147065
0.000226349632697232
0.00047675705271958
0.000276878164895043
0.000154648256964098
6.80223623050303e-05
0.000128894606926084
7.01062763296181e-05
2.1568914092832e-05
0
0
0
0
0
0
0
0
0
0
0
0
