2.43336872830321
2.85384818349333
3.09711932217224
3.13593060098373
3.01955571753027
3.26592125201266
3.14517124564929
3.09755949464569
3.10753253062017
2.86141407921073
2.80655980947966
2.62325142813091
2.56154133007555
2.46802496663666
2.2799799264038
2.13683431294203
2.03041710623827
1.95053356382051
1.7984205097643
1.6577944625981
1.50322948671123
1.37768576054675
1.27279113819474
1.16611650696757
1.0702050601524
0.959692807722955
0.875654239920199
0.802616161514397
0.741519192958535
0.656551999365687
0.590313680366903
0.529426156521373
0.469697460272878
0.427446910809147
0.38261402529737
0.346665068098949
0.300170608627857
0.268751457920815
0.248589601115612
0.218181621230768
0.193316144604628
0.165271807121544
0.146520056812712
0.128036510009058
0.11570155740363
0.100306018149499
0.0891234220788427
0.0752587489767748
0.065395343106746
0.0545865076195409
0.0452920130956283
0.0414809454361537
0.0359721644288506
0.0313455333424785
0.0262838494968849
0.0219504240518264
0.0174717432368029
0.0141296339349838
0.0129042033759093
0.0102488635861442
0.00934029353833611
0.00843162484586069
0.00594020718668572
0.00516979692687571
0.00470428070580949
0.00423739537475693
0.00343052218748833
0.00221566826188645
0.00143464540299025
0.00121266377038222
0.00122785525740671
0.000903507060580418
0.00087136275136578
0.000830282184044823
0.000831769998979472
0.000873787060418059
0.000626181721709433
0.000439097127173693
0.000478424819019952
0.000306237618606623
0.00013491037710431
9.32308653707767e-05
9.52660696223924e-05
0.000100660689780685
8.7748847373489e-05
4.28541347769712e-05
0.000127554474988611
0.000109430520029809
4.09282306310506e-05
5.15393021304001e-05
3.14300078204431e-05
2.11746651021881e-05
0
0
0
0
0
0
0
0
