9.63512018916465
8.97005491226741
21.4187542698789
7.64811355310714
6.34034143917715
5.48004340985926
4.62275807989197
3.76110900456905
3.09802692172918
2.43331832100306
1.80555534833972
1.33241563999252
0.979904472924496
0.71651473075179
0.845625768183066
0.363942035414077
0.242073496835985
0.150234432951728
0.0930759033887762
0.0648051860321373
0.0400473327893785
0.0242590722676723
0.0153342767962621
0.0102154678014908
0.0059844744643421
0.00354100905817302
0.00236684802372978
0.00178927476538368
0.00114948225342411
0.000739784564258754
0.000357620319136939
0.000282048344631139
1.92541358742339e-05
0
0
0
0
0
0
0
0
0
0
0
0
0
0
0
0
0
0
0
0
0
0
0
0
0
0
0
0
0
0
0
0
0
0
0
0
0
0
0
0
0
0
0
0
0
0
0
0
0
0
0
0
0
0
0
0
0
0
0
0
0
0
0
0
0
0
0
