0.596529867940892
0.563782820720454
0.468229782174685
0.363640992419167
0.258880323594031
0.173828353469024
0.116838909484057
0.0762865487110838
0.0472716910487589
0.0278979465205443
0.0153244523898413
0.0083726359227155
0.00408075889910588
0.00205956308346513
0.000826980465758919
0.000306831071580392
0.000118652243269869
9.84669347412265e-05
8.18338298957072e-05
4.67667422355168e-05
4.58426571226157e-06
2.56480907910236e-06
7.31852821081915e-07
0
0
0
0
0
0
0
0
0
0
0
0
0
0
0
0
0
0
0
0
0
0
0
0
0
0
0
