8.14522825821254
2.37092128446309
2.26158347928338
2.39024623667848
2.64285772160074
2.30262940036614
2.46096197546983
2.30977328940505
2.25102890706898
2.12737625348664
2.06893789780846
2.02407580723844
1.95286516291453
1.86785403829551
1.82549415981242
1.69193164225652
1.64555001931723
1.57357252497062
1.47604090143759
1.36561960214452
1.30460765786707
1.17094360007184
1.1083557952904
1.03786119055525
0.969926809204141
0.89981026487364
0.809735188460178
0.768172822962095
0.691181137865803
0.642804074620367
0.590480743873653
0.537475241167722
0.49383237590365
0.45491426535199
0.408412286715777
0.376448859759254
0.337682820952131
0.296860948462831
0.276088523287842
0.243043645995114
0.223817383058732
0.204699989512062
0.18125104566998
0.160188088523781
0.14603199672216
0.124588398186369
0.11149440619312
0.10358827619697
0.0936465360234565
0.0794084674817593
0.0724239895722438
0.0648226755704435
0.0564173019710148
0.0481021792624663
0.0451178285005629
0.0392327760969413
0.0369579061231489
0.0305883768374695
0.0277321513408804
0.0239137863824483
0.0217278926755909
0.0182892806681649
0.0141762997883825
0.0118946282975064
0.00992632999159826
0.00928026945887522
0.00886488229111959
0.00741078939458003
0.00612570814927581
0.0048360749615699
0.00413014742970909
0.00368813292236928
0.00336994692919512
0.00235553797747421
0.00237717327956627
0.0016870778933474
0.0013606692282871
0.000840187689011909
0.00106522428814739
0.000798830626202219
0.000826700810811412
0.000584612367560282
0.000686129782336557
0.000493899163006962
0.000369701539127839
0.000207294419386279
0.000120089454823883
1.87142048746631e-05
3.65873576853331e-05
3.36521325674966e-05
2.07556655418021e-05
0
0
0
0
0
0
0
0
0
