1.49353469850945
1.70065205391251
2.23819307707309
2.26619523337446
2.8073197191895
2.57387547694347
2.57873523208746
2.57765681131407
2.48325953558623
2.44509010583089
2.35228138279722
2.29222754299589
2.19554027925043
2.17852150913631
2.05205005524864
1.91965261222106
1.87766163926829
1.70573482736108
1.61421068471766
1.48380362443866
1.35620149495993
1.27068767093894
1.2100127516799
1.10956897099298
1.03706214555241
0.957205792660742
0.874966142393943
0.804658294759411
0.733584925336721
0.673500425365904
0.600990082595151
0.553774086939899
0.497680904077198
0.458116698369432
0.402236617493672
0.377173366821703
0.323731486008983
0.292642279990405
0.26318852250237
0.236106745758811
0.197303128157531
0.176089423804305
0.158095708655745
0.140076828917976
0.122208382739179
0.109806187026298
0.0957811455503742
0.084231936486169
0.0764511452242338
0.067851315397378
0.0577795973975388
0.0478343862003571
0.0423193642070773
0.0363954349382135
0.0321516853759176
0.0279067294074599
0.0254069439031107
0.0228951925657525
0.0203401751755328
0.0170370808439237
0.0134192908869432
0.0122570604864058
0.0117138025967067
0.00896463504852573
0.00837477544189711
0.0076087454752181
0.00654253903341379
0.00571532614197941
0.00416109272728773
0.00401858271835204
0.0034622293489789
0.00268771974172661
0.00216731848709272
0.00187139400767656
0.00166266491116359
0.00168750392311845
0.00117518001052426
0.00119599383257807
0.000800001962611616
0.00104474289208458
0.000802341992723134
0.000532329960705298
0.000360012974715333
0.000224657940860007
0.000161553110474447
0.000176067375440269
0.000194739656471161
0.00018936237813854
7.44149647837283e-05
0.000144006873599647
0.000105557384755451
7.57066793379603e-05
0.000147589631837381
7.50026492150712e-05
9.24594803848789e-05
6.92313559378995e-05
1.95588335755815e-05
1.53277501623765e-06
3.75452732058282e-06
0
