0.684840300779945
0.63228036888118
0.604507689910181
0.521235733525622
0.445850862018056
0.385492874474566
0.30846640160256
0.258701161084002
0.206584369827267
0.157657232428609
0.118307405563161
0.0884151070293204
0.0631076469155407
0.045572886813104
0.0315235059379648
0.0218098708088045
0.0155285785928107
0.0108222699928486
0.00699645472916593
0.00462928392475302
0.00306789781593594
0.00169728805618678
0.00109654737695443
0.000509481823424005
0.000195184380501567
9.6157113891859e-05
2.80944341750248e-05
8.82997865375528e-06
7.47387681029982e-07
3.48790459339346e-07
0
0
0
0
0
0
0
0
0
0
0
0
0
0
0
0
0
0
0
0
0
0
0
0
0
0
0
0
0
0
0
0
0
0
0
0
0
0
0
0
0
0
0
0
0
0
0
0
0
0
0
0
0
0
0
0
0
0
0
0
0
0
0
0
0
0
0
0
0
0
