10.2489265225765
8.86961860675789
8.01303414080275
7.5452545962009
10.4131496501615
5.7026925653969
4.71521840446745
3.81975432901658
3.056726834711
2.35023700889963
1.84796717756661
1.39042235486812
1.05291710774515
0.778396827341724
0.553889734702234
0.367611327977903
0.250685498717261
0.173490273276988
0.117483687472463
0.0718009918253201
0.0497406765948145
0.0306496736799995
0.0176682620004631
0.00962354555356454
0.00446395780069388
0.00412962129418095
0.00207077590973144
0.000847276588094427
0.000580346534319781
7.18508346239053e-05
9.95202530444949e-05
0
0
0
0
0
0
0
0
0
0
0
0
0
0
0
0
0
0
0
0
0
0
0
0
0
0
0
0
0
0
0
0
0
0
0
0
0
0
0
0
0
0
0
0
0
0
0
0
0
0
0
0
0
0
0
0
0
0
0
0
0
0
0
0
0
0
0
0
0
