7.47313764388328
7.96191899077353
7.22351220390134
6.92962687901041
6.0107306927388
5.31351689295228
4.41466856858005
3.54739278959256
4.34613645116807
2.16326961167847
1.69883381451671
1.39727892428178
0.950045817951565
1.35240908847038
0.516197770547125
0.348244283956857
0.243722105531611
0.156892690627943
0.103947454083272
0.0705670482136532
0.0495269059372069
0.0324999474681366
0.0265629459176287
0.0158488968091457
0.0112625432821539
0.00585298083053408
0.00429671954052186
0.00251293165232554
0.00147085895626701
0.000801171685102479
0.000927659276739341
0.000539929857130109
0.000151734085695455
5.81522887457773e-05
8.64532485255044e-05
0.00019172460828106
6.92645319884539e-05
0.000132534918239325
1.43351545431645e-05
7.7820285352278e-06
0
0
0
0
0
0
0
0
0
0
0
0
0
0
0
0
0
0
0
0
0
0
0
0
0
0
0
0
0
0
0
0
0
0
0
0
0
0
0
0
0
0
0
0
0
0
0
0
0
0
0
0
0
0
0
0
0
0
0
0
