0.26227926412849
0.14987386521628
0.113500968102387
0.118931438088294
0.100803141586724
0.0967134771267446
0.0908684064697129
0.093979092011852
0.0859491700165045
0.0940936269423651
0.0855775242473622
0.0874998272715252
0.0917759945789574
0.0893976447709944
0.0837316967538214
0.0799084766808482
0.0759764494211455
0.0708417212021576
0.0641013586136815
0.057466972859003
0.0545404056166389
0.0531155955873445
0.0477516705739017
0.0431064491637449
0.0402747293735462
0.0365359690220562
0.0310784953064766
0.0280375904016695
0.0255068467781912
0.0221216860931387
0.02025645019345
0.0178161557389561
0.015872304964264
0.012801076845396
0.0115801448644428
0.0102972493131054
0.00855963795309946
0.0077776843224745
0.00650078779740304
0.00573379862475584
0.00442965272569058
0.00403263604180096
0.00358159541345419
0.00299788797391106
0.00258016594534376
0.00219117365870596
0.00182840313961762
0.00180389375863556
0.00151553996717453
0.00138753219433443
0.0010360295653865
0.000761790274653008
0.000754192533337321
0.000580331433380843
0.0003859019834058
0.000343739131046488
0.000240391468752111
0.00013808656130254
0.000102183408640689
0.000120728196985569
0.000108808647555556
0.000146391293394474
0.00013179737557063
0.000137315202624378
0.000147099979881374
0.000117736873891189
9.00601310626037e-05
7.67515587470889e-05
5.58952754411784e-05
4.62541736630036e-05
3.90881100646785e-05
3.80024000244129e-05
2.21767826434557e-05
1.43849647479341e-05
8.7508679534926e-06
3.40823816837858e-06
6.63943508770771e-06
6.46920261029382e-06
1.57635854701796e-06
1.53695166176473e-06
0
0
0
0
0
0
0
0
0
0
0
0
0
0
0
0
0
0
0
0
