1.6611020061471
2.34386072546571
2.49088611078753
2.86931939705732
2.6586231418489
2.93342864397676
2.78433647500883
2.94318374762989
2.8271905112304
2.95679813303688
2.71136361802651
2.8011689670146
2.57724639617564
2.68965440778525
2.42891196672751
2.28921415972342
2.21137838418467
2.06921881540035
1.93569644939836
1.77996924689635
1.60975082763855
1.47576471632275
1.2926908651143
1.15492219652583
1.12256301739243
1.03395597370227
0.904388362750286
0.823095290188452
0.771328003228735
0.687379495323935
0.661185152371048
0.598192112580291
0.506304457947556
0.44194441163135
0.39827047908344
0.363486734735066
0.308249040358721
0.280459428548341
0.256512436243697
0.211123321349316
0.181935549516933
0.148863490471741
0.136132892336605
0.11587042353959
0.0948824142220235
0.0893736099593816
0.0792233153984193
0.0620384464485405
0.0518876285764249
0.045423839664811
0.0352554766809466
0.0297647575101202
0.0200918300586732
0.0172707992074568
0.014644653234671
0.0113749270246301
0.00859932013536032
0.0067074812649723
0.00483100448629037
0.0026203506391186
0.00173563062198375
0.00197499832667282
0.00178796817047704
0.00112020296877782
0.000523022150689329
0.00037358815753935
0.000557933494875643
0.000916754729479118
0.000436811226595876
0.00020311615391145
0.000386972289640317
0.000281217760180656
0.000158933608944766
0.000350633515730895
0.000150514928800073
0.000226647838197176
5.47753394735886e-05
4.69017189246302e-05
2.99508123933413e-05
0
0
0
0
0
0
0
0
0
0
0
0
0
0
0
0
0
0
0
0
0
