0.932548494679074
1.67359149491512
1.51999269445224
1.73671404625621
1.67209002632006
1.6995312023564
1.77652323961747
1.75387402725238
1.64646378812867
1.45108503081174
1.49012304309321
1.43398416589702
1.35203376170855
1.26701715610476
1.25061810060493
1.15578294926093
1.10686629201294
1.01496462422447
0.985668345641806
0.904351366662923
0.817482105032784
0.732125367183948
0.65854714508628
0.586870298712772
0.518830422914177
0.46567676624351
0.438708852971131
0.404085510406471
0.355876118199236
0.324894127389089
0.281032142761189
0.243366729574828
0.223545690252777
0.208426458089237
0.171653817532551
0.156401035225699
0.143778586401296
0.121921763744225
0.107158147241063
0.0863182605127468
0.0817590715653532
0.0702017074297854
0.0582950364592243
0.0541981185420428
0.0423765277601231
0.0360065667171511
0.0287782567872001
0.0239801628534608
0.0204577247885085
0.0183154249652144
0.0165117211983474
0.0123314800709456
0.0115243438505282
0.00835202138918278
0.00893134166679017
0.00757172159305154
0.00841065847633967
0.00715993510413381
0.00542707437002773
0.00506784045073513
0.00403918930681846
0.00339011416281941
0.00301641918051273
0.00296070849167299
0.00211777272622867
0.00182039320400992
0.00117956805806386
0.00118538518509393
0.00110548433650331
0.000524884318523649
0.000607820111505751
0.000391424720251453
0.000358524652735867
0.000165427094601243
9.97598946698157e-05
0.000284587887059612
0.000239019663157478
0.000347719640303293
0.000250641008975856
4.14976948676477e-05
0.000143904402244598
0.000190117843109035
7.56419728836974e-05
3.20442334249933e-05
0
0
0
0
0
0
0
0
0
0
0
0
0
0
0
0
