1.91609573516091
1.1969093402689
1.4808808743629
1.49944188914298
1.47824701826881
1.40762943281658
1.38562846582667
1.37222407239874
1.26120334830859
1.27346314703797
1.18628761492691
1.12661533054241
1.12723849807414
1.05825394333054
0.984020627074074
0.965540550364832
0.886115469780494
0.845819708874284
0.769798011133802
0.717155895184324
0.676809457156309
0.608581181245029
0.572751455730519
0.540483819859497
0.487641374755273
0.454813813066368
0.403968572336488
0.388881892615369
0.353173564344632
0.324090514170771
0.295156840183451
0.273823056246712
0.247016194508306
0.223387013415314
0.204456067203183
0.177762432285034
0.160896039556653
0.141308988852667
0.129711031520057
0.113177153799232
0.0974656844553436
0.0884726507268682
0.0777666004130745
0.0698523298030733
0.0573927501939322
0.0519958001977833
0.0457359097387274
0.0399547399212824
0.0346715900937257
0.0326119620389817
0.0283984464416559
0.0237885494299998
0.0207913964973062
0.0183644354905385
0.0152251413876755
0.0126174336084128
0.0114710853079528
0.00906890836384285
0.00885944345054866
0.00711884788816042
0.00585509947974259
0.00505306789041453
0.00375684688949679
0.00362439863769082
0.00265772304920593
0.00280643952284863
0.00222569336095569
0.00220074434768563
0.00178968391181107
0.00144443740145445
0.00125081952206971
0.00116809877075039
0.000684246147811623
0.00069227642849433
0.000669441398442184
0.00052188646953297
0.000377617870613376
0.000380469978517905
0.000493006135579868
0.000295094719058828
0.000276941024111348
0.000123576598020873
0.000177330474166026
0.000179378045802952
0.000193523620757811
0.00013520645623432
9.83435265179365e-05
3.36221307917675e-05
3.22464847396156e-05
1.87966866593224e-05
8.59877572446086e-06
2.90063905509427e-06
0
0
0
0
0
0
0
0
