2.56450836036745
3.10988270323781
4.01701399270476
4.39967558384908
3.9547317822507
3.6062598209413
3.60444678996528
3.78451216951214
3.58018581792187
3.62255086949423
3.26717731203227
3.05992474816571
2.76365667629539
2.73296804616357
2.44295192029241
2.32183233912729
2.02742976931854
2.02428474246237
1.89335947416524
1.72191483387034
1.59378158175673
1.47689930578545
1.26546723291488
1.16867545774412
1.03850226243238
0.972221239455273
0.853614372420925
0.782470966578521
0.679142217099773
0.627979084936607
0.552249304500809
0.515160995559508
0.438594271706609
0.3989192912808
0.386453671638963
0.334884120812211
0.283824179078582
0.259447247634516
0.228215660327178
0.188748432904829
0.177020293150191
0.146692071064617
0.129448323119003
0.119951452545171
0.100042746112711
0.0879237755685033
0.0781181872108372
0.0695769141606428
0.0629671755299106
0.0555607534388486
0.0446559214139388
0.0343904359566911
0.0301994197110631
0.0266273709140707
0.0214404525695629
0.0159633713885993
0.0141404956365957
0.0129155004997014
0.00909148494100356
0.0094222870101919
0.00935754368977784
0.0098904012431951
0.00851709455338507
0.00766315192189731
0.00677126891517435
0.00405060129598726
0.00402634683506714
0.00315534185960254
0.0022689341438345
0.00126897319918936
0.00128795322663116
0.000564335640362532
0.000667151544523959
0.000891867814371916
0.000547804333888637
0.000506123368004219
0.000258937968420601
0.000530474614044093
0.00025537008461691
7.37736797647071e-05
0
0
0
0
0
0
0
0
0
0
0
0
0
0
0
0
0
0
0
0
