4.05804305887691
3.7681828403857
3.53799005891453
25.9176266115288
2.81957673625744
2.36581740684154
2.00676335916683
1.61896768731449
1.30628049846227
0.990022898307477
0.739272712679052
0.552803740431746
0.403360777799121
0.287880194991935
0.198389393198088
0.138853356569334
0.10274098180159
0.0640655393313492
0.0369481976172569
0.0242550533085034
0.014992833959235
0.0094910247010367
0.00537601986284874
0.00265018484633285
0.00150989782429451
0.000974174255787911
0.000387703191615342
0.000273729338266414
0.000124066355050977
2.75544462878084e-05
0
0
0
0
0
0
0
0
0
0
0
0
0
0
0
0
0
0
0
0
0
0
0
0
0
0
0
0
0
0
0
0
0
0
0
0
0
0
0
0
0
0
0
0
0
0
0
0
0
0
0
0
0
0
0
0
0
0
0
0
0
0
0
0
0
0
0
0
0
0
