0.5537006687157
0.595852693307779
0.543443402172664
0.478777800847164
0.435265934976441
0.370571538133923
0.319932514445448
0.257812024032284
0.204930855521286
0.15807057228982
0.121617261583917
0.0927827578033604
0.0680397522437091
0.0467166625498008
0.0327199616848091
0.0209648598879097
0.0148608864976924
0.0102148117467525
0.00678008781485459
0.00464444882036859
0.00273713105517825
0.00164016462837701
0.000901099348038548
0.000419896562131542
0.000208331514939497
0.000131165771862196
9.07666334885415e-05
2.76940239595052e-05
1.98057735472945e-05
2.26713798570575e-05
8.80998961377496e-06
6.11818534991625e-07
0
0
0
0
0
0
0
0
0
0
0
0
0
0
0
0
0
0
0
0
0
0
0
0
0
0
0
0
0
0
0
0
0
0
0
0
0
0
0
0
0
0
0
0
0
0
0
0
0
0
0
0
0
0
0
0
0
0
0
0
0
0
0
0
0
0
0
0
