1.1438290130048
1.42484251028533
1.70941660743393
1.63353511652399
1.69000527660206
1.64685117921948
1.51315401354269
1.49262939532952
1.45045939181759
1.36153478185602
1.3605021479562
1.25637860206862
1.2018958152621
1.12857866984884
1.09643262370882
1.03868893967852
0.992464664122816
0.917961569095819
0.849371377620042
0.802155933261996
0.733528012446409
0.675611255937484
0.626685519170005
0.582345968216088
0.537790613409738
0.491159334989065
0.443840193317683
0.403892856326753
0.357861179880052
0.322893465314319
0.286198059633977
0.259437978851988
0.230385219115565
0.207017820322781
0.181646690955039
0.160840567863685
0.14277060518578
0.124284079941637
0.109995688688921
0.096848901526617
0.0850635451227534
0.0765270239624844
0.0680180462302831
0.0607855153614287
0.0546948580457591
0.0458222739848446
0.042285753445788
0.0367677891937646
0.0323476933184465
0.0294850591296066
0.0254969923187399
0.0214821194998905
0.017767577835608
0.0155595002291978
0.0137829144835911
0.0114600734148893
0.00983398897645106
0.00803546266303076
0.00661069885344905
0.00536280138655214
0.00429727811108133
0.00393201877520948
0.00313764789860835
0.00255598999972746
0.00193681640177142
0.00172359990864746
0.0013498036716578
0.00103188206759975
0.00104130827951529
0.00060080149486184
0.000780296397166145
0.000764798300491311
0.000446769767004618
0.000266121847836782
0.000133013192893088
0.000133347318337812
6.63943508770771e-05
7.52044803446656e-05
4.37439496797485e-05
4.14976948676477e-05
3.18538390385177e-05
2.55927865723701e-06
6.0656299010512e-06
0
0
0
0
0
0
0
0
0
0
0
0
0
0
0
0
0
