5.69000292456529
5.09636191156018
4.6391603465768
4.09013879465239
3.48503870798235
3.01455027534983
2.49012562833539
2.04359259966781
1.59047092551342
1.25120664377942
0.970750781335923
0.6977551504952
0.521531302978785
0.365671929048936
0.258189088511413
0.175181247594528
0.126797961429043
0.0892487961144517
0.0561081972792453
0.0393776468468302
0.0252068826435057
0.0155237839506476
0.00907874080329191
0.00579995866514943
0.00292624873047298
0.00118142551097231
0.000288292116842177
0.000254062567628504
0.000128924374977672
4.5342759714115e-06
0
0
0
0
0
0
0
0
0
0
0
0
0
0
0
0
0
0
0
0
0
0
0
0
0
0
0
0
0
0
0
0
0
0
0
0
0
0
0
0
0
0
0
0
0
0
0
0
0
0
0
0
0
0
0
0
0
0
0
0
0
0
0
0
0
0
0
0
0
0
