2.73936120311978
0.570353320406398
1.21936850866754
1.40354849452543
1.29563090039429
1.39594055230291
1.42131037796314
1.53453199965774
1.4728196055797
1.51786462204741
1.3761957628709
1.22441033463846
1.22670391670804
1.1797505636525
1.11649959681392
1.05420985775917
1.02393425215183
0.950243069625719
0.879513771682628
0.790362433387488
0.680252898019393
0.62894075882578
0.613769162314289
0.553876541621305
0.530238090334165
0.468694045778447
0.444836032953672
0.386592519968049
0.37315572138465
0.341111488586531
0.305339882993329
0.264932109296213
0.237367286058854
0.205500992251682
0.183486946534272
0.173357583495783
0.148743759694363
0.136965987948798
0.119550273979862
0.0937952335293936
0.0849036512409437
0.0801902367025539
0.0725192404661106
0.0623293763342947
0.0560916303897451
0.0471970360448036
0.0363973519341079
0.0422989407603685
0.0337754806308459
0.0270410202787289
0.0255579352343509
0.0206891983726675
0.0172301275490008
0.0136496668132032
0.00903926340791214
0.00755595374300354
0.00748560776114167
0.00571149521642845
0.00520000012860397
0.00544100033232689
0.00244155989636858
0.00300230564873931
0.00256383196628905
0.00258971654072292
0.00145932519723585
0.00115019869109085
0.0011312431096888
0.000731271795840319
0.00152159360923208
0.000927094524288897
0.000961567507591091
0.000687843440441874
0.000406574348463354
0.000269718089023765
0.000458545480763012
0.000187453099260822
0.000137768278069935
9.21861371966869e-05
3.78326051284311e-05
2.76651299117652e-05
2.54830712308142e-05
4.38733484097773e-06
5.85154884571998e-05
5.5729101608684e-05
0
0
0
0
0
0
0
0
0
0
0
0
0
0
0
0
