2.84213242709222
2.80665381240238
2.51762588947979
2.07995556919798
1.68394131137294
1.28113934882641
0.948504040947905
0.680448228970001
0.449317746165547
0.282244371633466
0.171750543253472
0.101640439846546
0.053664255039357
0.0282345490918255
0.0141351292562355
0.00682722262236591
0.00299488058987365
0.00150107640442737
0.000659000471435272
0.000204409635854404
6.41797199716619e-05
6.33187241403395e-06
1.70521707312086e-05
5.6355758937096e-06
0
0
0
0
0
0
0
0
0
0
0
0
0
0
0
0
0
0
0
0
0
0
0
0
0
0
