2.90494259768234
2.71832254342076
2.42236623532256
2.09353314207035
1.6648112269196
1.26884851684533
0.951299883535388
0.677508514330348
0.454205571601707
0.290095078910701
0.175674016840264
0.0992921814904296
0.0532527658752743
0.028597929671383
0.014238898215403
0.00648585378192421
0.00327994532571123
0.00162361572247757
0.000735854994220923
0.000378226027829742
0.000213697309356193
8.43180984754901e-05
1.55884650890448e-05
1.54307435184906e-06
0
0
0
0
0
0
0
0
0
0
0
0
0
0
0
0
0
0
0
0
0
0
0
0
0
0
