0.054641513360102
0.0749369326081399
0.0678705113314951
0.0675388795766306
0.0698694760998026
0.0602057407279073
0.0568214372526835
0.057896293840329
0.0584521503901306
0.0565905956324796
0.0555439512443977
0.0558894135812563
0.0544551030799823
0.0530698622750339
0.050704322434419
0.049068735807056
0.0464820707286057
0.0435665486645543
0.0418297544339943
0.038790206679827
0.0380309555054582
0.0360363472633482
0.0341590395567827
0.0324969161331333
0.0306591175092514
0.0282888627684574
0.0265954880562711
0.0244718844762167
0.0227415123583803
0.0209357985313849
0.0194106911905276
0.0180143849442934
0.0165194738297681
0.01531433762226
0.0139131074529717
0.0130709937716037
0.0120237759279431
0.0111191184174985
0.0101968002144749
0.0091415489203321
0.00826414489131178
0.0075111371310048
0.00683044125302327
0.00604710964600553
0.00539823692557188
0.00477647705473805
0.00421835515503917
0.00376116153911216
0.00329020836197903
0.0029138176081023
0.0026186409051589
0.00227758811081653
0.00207755373085211
0.00181820213703969
0.00159102809260103
0.00139387794424356
0.0011772335376389
0.00103234394633361
0.000881686703028171
0.000716823669601815
0.000655837488467484
0.000539657377623051
0.000449478785554555
0.000351418511979494
0.000296534880078325
0.000251322942344654
0.000196320102773664
0.000174822994923925
0.000134045151289493
0.000121165824486781
0.000108713806117387
9.2393335059354e-05
7.2536559896303e-05
5.07969067661424e-05
4.24417095744391e-05
4.1537902677114e-05
2.98774578946847e-05
2.10249084834549e-05
1.87192577458383e-05
1.49852787022061e-05
9.36877618779932e-06
1.07855314840702e-05
4.63842286550974e-06
5.22460327581412e-06
2.72089449220121e-06
2.49151946377739e-06
6.49132188237205e-07
3.17189913129882e-07
1.55031176632767e-07
0
0
0
0
0
0
0
0
0
0
0
