3.63548202222545
2.33813637644703
2.33712297494612
2.32595631195029
2.35555682457839
2.2707651918426
2.24070361269176
2.20316306254941
2.16153769117874
2.08542393781705
1.94172717214292
1.87289636574036
1.78744157349826
1.71915320321718
1.62569615285207
1.57268026547996
1.51719262342897
1.4304422815234
1.34984578541515
1.28015025045517
1.21738345197783
1.14900557742839
1.06421811464995
1.03113405191586
0.965167546537611
0.905490069542747
0.848370654337672
0.781971671421918
0.738096157379417
0.677783572206591
0.622419892886791
0.582112297843641
0.530058888863439
0.485269219125762
0.440575955459248
0.408005381465977
0.370965339948004
0.335298665011224
0.298671716179299
0.26686988276142
0.244158697772845
0.214761839440136
0.195714560481519
0.175019035600195
0.15193854105474
0.134490321334102
0.120168090128787
0.108056572699938
0.0910454440975054
0.0815160297755108
0.0721135615958504
0.063383789252394
0.0559846985435982
0.0480627269062496
0.0426666968347777
0.0367509164993854
0.0318286672685251
0.0266492373254188
0.0227727079867848
0.019458504340282
0.0167482383815164
0.0148725207216794
0.0137028861020757
0.010419092128955
0.00922877254731953
0.00767497246678189
0.00590333176172555
0.00504854697536407
0.00412098269167022
0.00316237774282927
0.00242150841850683
0.00191983374623331
0.00149901190180608
0.00114337993238658
0.00105710484878191
0.000892106340573094
0.000614770192652436
0.00064671809844781
0.000557045701552472
0.000420740517408095
0.000286684551346659
0.000175493393639109
0.000115425368999416
9.7525927815197e-05
8.91092946195896e-05
3.40507660049577e-05
5.69613495178147e-05
2.90228770513842e-05
3.56571706255365e-05
2.03125484866871e-05
3.30608101130133e-05
3.04567100784898e-05
1.17787879254833e-05
8.33362769056347e-06
0
0
0
0
0
0
