1.32596739087181
1.74020210167792
1.67356410568537
1.68876734894744
1.72075978958616
1.60065608294289
1.68344622604606
1.65847231595778
1.65052622936773
1.67114314033652
1.6101362763645
1.57821757454646
1.56878231491779
1.50755968658214
1.41196210645681
1.35892913226444
1.33840719685097
1.26729068994547
1.18651359410026
1.12305470231627
1.0769216859663
1.05272568133284
0.981662306117077
0.938987641435531
0.873576517498725
0.835164677411935
0.785141753005426
0.749080803662011
0.707779123486117
0.661192307636737
0.627168150992705
0.575737148709029
0.53835943305137
0.494343139976197
0.469007088080538
0.426846418850622
0.388147500758245
0.348458044091911
0.329702820430965
0.283674395180391
0.265144769760366
0.24123694106212
0.217984581962811
0.198391910054328
0.173940464680399
0.160397900034857
0.140431019763297
0.127570591668281
0.109024930676748
0.0982343060756039
0.0888714350392827
0.0771569024813217
0.0676460481639091
0.0594877898914929
0.0520154176594676
0.0449025007779523
0.0378734476821462
0.0323045430634449
0.0296023206011064
0.0234082370575712
0.0207506052496804
0.0174799551184994
0.0148141493512856
0.0129922465290105
0.010762231464575
0.00905611656435161
0.00742941166552418
0.00605724367625897
0.00563041390300537
0.00479861913615802
0.00405661292264992
0.00386294396248158
0.00295921443398612
0.00226136141139008
0.0021446189637022
0.00167983538723959
0.00143349553190539
0.00114403804911415
0.000889066220518131
0.000650130552926481
0.000536268748989633
0.000514232204486265
0.000445288595088935
0.000334897069979685
0.000273109784654697
0.000262938354077308
0.000216323301730048
0.000128303319861037
0.000102940701284157
0.000100804811519753
5.18891638545052e-05
3.42275408501123e-05
1.94420957324243e-05
6.37522518328105e-05
4.06549774045276e-05
1.87723484370074e-05
2.3600992514535e-05
1.77546439380861e-05
7.63420555185172e-06
0
