1.070973661858
0.954405100023115
0.898804963621608
0.961395275606119
0.883102403900752
0.90124471193358
0.903693186311482
0.864909414235682
0.868791668951987
0.833293160201585
0.802619450020592
0.775432351393595
0.763808355695675
0.744543063397046
0.711742514436371
0.671608111830328
0.651609521581835
0.621898509655893
0.609899314459125
0.577667589007508
0.550433444205509
0.524261749068818
0.493205307029418
0.475072289442419
0.45125415190322
0.421526647503959
0.401484159911288
0.37346796078724
0.348799851635244
0.321780126168107
0.304644220109752
0.285544275740081
0.265194397774881
0.243885830436081
0.226269828459459
0.210424983390283
0.187770677968173
0.172437857955483
0.157232889939557
0.144937168657204
0.128613900931214
0.113134476142644
0.102425024391364
0.0912013732063256
0.0798018102710421
0.0713744321189032
0.0636656037942712
0.0555133235895142
0.0488467409924245
0.0429684032280514
0.0378441222448282
0.0325711123079705
0.028488829987378
0.0245885749573249
0.0211657426830707
0.0186100050191568
0.0153074592855379
0.0132331730409958
0.0116946782368256
0.0103630752043152
0.00962790664025887
0.00819020762517507
0.00686154544421248
0.00594189381180752
0.00483766302883685
0.0040585258932684
0.00356204292766817
0.00297385640298182
0.0024883748548258
0.00215584670290173
0.00158160265349205
0.00145074162093196
0.00115249967300209
0.000940866600544567
0.000809017742300391
0.000758119977578711
0.000647344921051502
0.000525622712086373
0.000335173236059694
0.000348695908262873
0.000299426086962066
0.000271831954522245
0.000217113870281745
0.000165619923843308
9.96527607768693e-05
0.000118928529070974
8.74705623649633e-05
8.67514412410228e-05
6.97640294847453e-05
5.77543356225954e-05
2.57963271733826e-05
3.08918059367539e-05
2.90921870448684e-05
2.54175644562186e-05
1.27811634649686e-05
1.01184289447699e-05
2.56872680959304e-05
1.59664064191422e-05
1.17641856044928e-05
1.9746324256145e-05
