0.311827484080172
0.32361133909354
0.294795308338407
0.257937829944584
0.209554338473117
0.16296072189128
0.120059292977905
0.0855240543464936
0.0570237762602396
0.0363520810318061
0.0214676004275065
0.0123685394216168
0.0068021339525814
0.00358543634482847
0.00165096590213609
0.000771240713590512
0.000343982650213565
0.000153022939124879
6.34320427498471e-05
3.13726895829925e-05
6.78823961238732e-06
2.9655604977121e-06
1.46370564216383e-06
1.67725473027071e-06
1.04934122147686e-06
1.13960475163857e-07
0
0
0
0
0
0
0
0
0
0
0
0
0
0
0
0
0
0
0
0
0
0
0
0
