1.73031458973656
2.18618092976941
2.29686080720709
2.35421237381398
2.28980785604344
2.26784297171418
2.13735801025793
2.13864943356054
2.01669991014312
1.93128513493875
1.96654421396105
1.87320834079565
1.88617688520169
1.7894512915815
1.7345750690667
1.65410445681712
1.5534731615123
1.47421098595012
1.40015641349043
1.30046163275122
1.23183030412237
1.18515223200061
1.12058628544342
1.03401616915646
0.983484538763748
0.92374871841165
0.870673312852
0.797199370972985
0.746223251022938
0.691551029217634
0.628644313696879
0.576200907158552
0.528843866677227
0.486953742169059
0.439916972585531
0.401464585658841
0.364453562565668
0.333253223830058
0.300887521495828
0.270830157082998
0.247655636187979
0.213779060656522
0.190278978553367
0.168309721247624
0.151443723108473
0.137080903253402
0.11807070507766
0.103555448774751
0.0904513070054693
0.0794609954862591
0.0695182504005738
0.0599630579229425
0.0508375107167797
0.0450367736063186
0.0379994903257269
0.0334715978856518
0.029454040782102
0.025009826661444
0.0214450332814602
0.0194756532318993
0.0146798788769161
0.0131068362618776
0.0108163992399321
0.00831660365368437
0.0069881246394836
0.00595590089943794
0.00468175394740383
0.0038607633040593
0.00320932039824766
0.00251029444673236
0.00202256539515921
0.00167376820607524
0.00141145981199494
0.00100469988161352
0.000802673363034109
0.000675044172224483
0.000530117395284162
0.000385726205638769
0.000185419174092988
0.000208833307042283
0.000184377515375891
0.000170192030706261
8.63460256502583e-05
7.50601337291962e-05
3.26507339064145e-05
6.16235814040942e-05
4.88471971648497e-05
4.01245240109301e-05
4.97650076991183e-05
4.03219246079013e-05
3.09852435588331e-05
1.04423005983394e-05
2.78149690770449e-05
2.08340692264087e-06
2.31148700962197e-06
0
0
0
0
0
