3.24745257217468
2.77867112704718
2.62210082250794
2.21226404430474
1.7444442811516
1.33522096415316
0.971676971698826
0.656133256506333
0.426942151199071
0.273010827370572
0.170880339515809
0.0936043894883494
0.0488918340545407
0.0269340612123018
0.0137077209456409
0.00569934860798875
0.00306128230399715
0.00133571485677226
0.000778503842076622
0.000330874701316281
0.000111961874126388
2.40450851165846e-05
5.21079208610324e-05
1.55649238969122e-05
5.06152824477075e-06
0
0
0
0
0
0
0
0
0
0
0
0
0
0
0
0
0
0
0
0
0
0
0
0
0
