0.0874264213761632
0.0608862577441137
0.0554084117932262
0.0564136705501594
0.0590008909287222
0.0605660144423695
0.0575098342713934
0.0547923972234238
0.0548429567273282
0.051805262605125
0.0523524026292055
0.0511822605411669
0.0512705941279365
0.0505125994925501
0.048389346538233
0.0475227068576162
0.047030492282526
0.045461263454988
0.0435003907723655
0.041385798287292
0.0387733752217441
0.0362648409745873
0.0352046265580995
0.0325650668840552
0.0300138966037592
0.0286268130133977
0.0264416170014048
0.0244124828016369
0.0225023483004507
0.0210446211546988
0.0194015549050022
0.0179275067123246
0.0166528159050762
0.0154950154310144
0.0145027237084023
0.0130623228094201
0.011896183369017
0.0108773609119154
0.00991828864049344
0.00910497338621653
0.00809462776661539
0.00725874487524173
0.00655483049485581
0.00583214978486251
0.0051971213290717
0.00468967467211266
0.00408470652259783
0.00369443038574974
0.00325820445259047
0.00286376733966381
0.00255008012509656
0.00233756078267924
0.00210574784424789
0.001837716205706
0.00155914212363318
0.00138047527170275
0.00120766283748094
0.00104666675455382
0.000882041506530396
0.000768956300118311
0.000680054047222227
0.000605469252942936
0.000504187130131043
0.000416161425497567
0.000381175741518004
0.000304530952660864
0.000279241321008134
0.000232386663984241
0.00019666856173748
0.000148566394754539
0.00012557055358278
0.000104744115067288
8.40869675231028e-05
7.70944204459595e-05
6.0380988879099e-05
5.13365874112024e-05
4.27413633771184e-05
3.57827769381877e-05
2.69951401176826e-05
2.22857990955886e-05
1.64890460905268e-05
1.2613587667811e-05
1.26664624404305e-05
1.04492065516282e-05
1.05434661572797e-05
1.06304830454502e-05
8.60100149414296e-06
6.81958313229247e-06
4.18584176908472e-06
2.27379274104706e-06
2.37207606192024e-06
3.33573491335841e-06
2.41252282811104e-06
1.80561933295542e-06
2.31148700962197e-06
1.33137222957499e-06
5.2156889534884e-07
7.66387508118826e-07
1.37666001754703e-06
8.58535837223694e-07
