3.03078260770699
1.9114121768729
2.21902061624498
2.09134239062214
1.88116099711101
1.84119883296549
1.82712042049265
1.78510698695999
1.75232227760602
1.67539079549563
1.65065793843739
1.60518506535508
1.55645593514488
1.51698293355405
1.4669095891997
1.42113911414173
1.35452544008205
1.28430348467464
1.22633574732933
1.18270542014392
1.1244741021133
1.05513143121209
1.00263879579716
0.941346536781956
0.894300446645036
0.825858909341313
0.778348951043969
0.737588987806815
0.687965876062013
0.641916751691808
0.603697033477962
0.561371649507425
0.517800613940285
0.482520103484776
0.444623701655699
0.411157757939824
0.377974728310151
0.349804115346212
0.313830937320773
0.288883685081873
0.261351731564103
0.238644632893291
0.215649957174724
0.193384949467764
0.171377467139634
0.158630767745327
0.138732895962866
0.1278768015575
0.113341328907509
0.10089489905824
0.0883448501590817
0.0778944290032364
0.0686165424109547
0.0599930345823968
0.0524303440505236
0.046237643480767
0.0396208502255753
0.0350394649305194
0.0301675225801502
0.0256063819850727
0.0218635717513538
0.0186449858284304
0.0167267655113943
0.0137405541573473
0.011941658088981
0.010610752738112
0.0083338570061346
0.0071943926386681
0.00585037216284334
0.0049889148397607
0.00391442992228965
0.00307011889197226
0.00251544777296447
0.00204626123539363
0.00198557193864747
0.00144189776010966
0.00128535313651091
0.000957239823741913
0.000646504049095742
0.000546386315757362
0.000508349795949991
0.000372009433391237
0.000237808372297096
0.000185821723176456
0.000115467960012789
8.93624981008158e-05
6.18298409295937e-05
4.90058415785668e-05
3.14713288564518e-05
3.47132358466518e-05
5.73745897476957e-05
3.00216142202256e-05
4.83923696697567e-05
3.15288914292984e-05
1.0605646279442e-05
1.25148989580049e-05
5.99804229651166e-06
1.41781689001983e-05
5.38148915950203e-06
2.03595641398762e-05
