1.54817621186956
1.78287452163533
1.97246276999554
1.73060994926824
1.85852806425475
1.68872299092254
1.76966795263948
1.69412401737695
1.69388691416316
1.65698877045505
1.60780314427339
1.54352411325099
1.48275397064253
1.43481088805127
1.39854563767194
1.29415254023579
1.27917321031577
1.23867177616528
1.20047103357263
1.14258389525952
1.10789243218536
1.03387888970236
0.995156613585907
0.935934048111967
0.891270537816111
0.838678613107944
0.78702797009373
0.73914466950054
0.679631008643166
0.641602840278402
0.598318371670796
0.555835915402821
0.515720017765219
0.47845755754542
0.439296753410269
0.409502567603006
0.38281048629345
0.343972578943681
0.316161423873648
0.286580204635445
0.264278677900563
0.237287495763839
0.217440754881451
0.198056316002454
0.179793664327322
0.162786138562226
0.145012135492105
0.129723747673144
0.115694648631742
0.103909312750432
0.0969949352436138
0.0844277877830279
0.074341269029365
0.0621251586936338
0.0556704490510262
0.0483623612747356
0.0424754989170067
0.0371779703732447
0.0315544494703462
0.0274852145506606
0.0238562959765557
0.0201676478998559
0.0169962662770069
0.0132858481135692
0.0119545001507167
0.0106653758550855
0.0087281446531038
0.00727780665911198
0.0059621627137257
0.00494341481023351
0.00393763848764055
0.00346653142722692
0.00289176005344561
0.00255984942990972
0.00186065329861136
0.00174544397198088
0.00138307732170811
0.00110663797152339
0.000981874329973813
0.000768091592966924
0.000666869489047556
0.000534158016889038
0.000447964608280576
0.000238416062819651
0.000232296367271678
0.000216429990753463
0.000166340123235784
0.000144797195343791
0.00013332681190418
5.9876542180906e-05
4.95170877925849e-05
4.10440426295839e-05
3.63297555292015e-05
3.34734045570966e-05
3.04572405973719e-05
2.76925423751598e-05
2.95990348110466e-05
2.66958315328058e-05
2.42792766731022e-05
2.26898756980548e-05
