0.321499138666616
0.356215455458022
0.30415686147713
0.25685318648211
0.212029203166614
0.164155477251333
0.119613743861741
0.0842827830274009
0.0585145604567835
0.0366133884064325
0.0211529030511305
0.0113414214094255
0.00648996158559008
0.00329806490215828
0.00168919657130305
0.000762914644311446
0.000354868177119058
0.000181450125444521
6.51639756576928e-05
2.41628168216837e-05
9.16853142452313e-06
1.28240453955118e-06
4.83022861914064e-06
2.8177879468548e-06
0
0
0
0
0
0
0
0
0
0
0
0
0
0
0
0
0
0
0
0
0
0
0
0
0
0
