0.0947119564908435
0.0645290253014538
0.0722801773219595
0.0704924748933928
0.0665850135481024
0.0650894510795061
0.0628735943755084
0.0625305839280694
0.0625817394182674
0.0615775578604249
0.0608485251496483
0.0548984339938691
0.053872570954608
0.0502528774912041
0.048926236209917
0.0468507400266506
0.0464285661867599
0.044323641813033
0.0423405222317129
0.0397192560743809
0.0381985054803399
0.0359181608609832
0.0334875616660287
0.0320836148049619
0.0304791028992551
0.0286268130133977
0.0266508124804927
0.0242679922418482
0.0230045928221029
0.0211046131137052
0.0195359888205902
0.0179593212761441
0.016220603660974
0.0150914655946948
0.0139977755311737
0.012686581114799
0.0116674281383709
0.0108385070270895
0.00997890586541882
0.00903337872369243
0.0082093664318029
0.00742089632447498
0.00650105278594509
0.00584434153818107
0.00520447921674854
0.00469026117469796
0.0042514865387116
0.00379345080686816
0.00340325442901282
0.00304365097771502
0.0026719659563185
0.00232611561629323
0.00201367644268977
0.00178426462631566
0.00157222354679948
0.00140373285052356
0.00119701258253622
0.0010958784545925
0.000927811158317371
0.000803254083352847
0.000708914877518975
0.000577860368662399
0.000500767858595013
0.000395082337375403
0.000342065826232084
0.000294342184727973
0.000250136522554976
0.000192411893803466
0.000172602540366972
0.000128455884466276
0.000109691008869004
9.66686050621004e-05
8.36249512180308e-05
6.36085159947713e-05
5.25052077209556e-05
4.1537902677114e-05
2.53128462718856e-05
2.04184207387399e-05
1.51724510150479e-05
1.38325649558826e-05
5.80864123643558e-06
4.93575169609994e-06
5.88722902160852e-06
3.30891540801561e-06
2.72089449220121e-06
9.96607785510957e-07
1.13598132941511e-06
4.75784869694823e-07
7.75155883163837e-07
4.54758548209413e-07
0
0
0
0
0
0
0
0
0
0
