0.0466274247339537
0.0959869251359125
0.157841118259548
0.214871246346534
0.268370780988264
0.355335417184178
0.396949578594464
0.464465006119392
0.522019304989069
0.569450845285989
0.609218180940782
0.64388292293959
0.685714564993707
0.717571241869231
0.741830771151159
0.76871208607193
0.785044005330718
0.793519668876361
0.812076264367202
0.804818119431314
0.813350032363769
0.810270106486871
0.829866972276672
0.809837606696973
0.802200606992088
0.796062565523321
0.764582544554021
0.744273709281385
0.712093953847098
0.706996353965564
0.690800107373757
0.660179342633825
0.621330049482165
0.604832620197798
0.575528237506748
0.529204339557221
0.506304769729924
0.467388934212083
0.437356823061301
0.407930022145835
0.381557415411889
0.354796782331779
0.32530557128381
0.301254783447456
0.274932765143677
0.253322459282832
0.240271856041484
0.210331481514736
0.194771645973081
0.176322828246425
0.15388528909431
0.142303123127103
0.127340745897304
0.114462906008515
0.101721777547285
0.0921456103378345
0.0832694755662605
0.0732117088426294
0.0666751002055034
0.0581572432253164
0.0504342673589592
0.0463949391622048
0.0407071988997645
0.0361193310754375
0.0315000558931234
0.0268494214884715
0.0238204131174339
0.0203630706455313
0.0173456891681083
0.0150807956177797
0.0129434506824639
0.0106952164961486
0.00821004439819831
0.00709100637097197
0.00522333750755516
0.00396965166596238
0.00342610621896239
0.00294476628990141
0.00247917014969295
0.00193937279074744
0.00185306001829911
0.00138559256782263
0.000975820157784448
0.00115935985432711
0.000920391566262862
0.00109709081405273
0.000733817626435281
0.000766021977772097
0.000473353976377531
0.000380557281129947
0.000274717000871231
0.00018014779450234
7.48244146913109e-05
8.76601818611262e-06
6.07127926223356e-05
0
0
0
0
0
