1.38425167178925
2.19867041853744
2.40978660148464
2.42381877011234
2.08676835284744
2.06368786685226
2.09897987646485
1.95517465576125
1.89489382076035
1.85355035713765
1.83891528537352
1.757878503445
1.71128520697434
1.68578225581347
1.62548255158484
1.56306052979456
1.45391458527258
1.38866738784896
1.3010142557541
1.2565185541717
1.15498841909045
1.09317957368014
1.02876168388282
0.977196030178181
0.936830415233704
0.871551276159984
0.819365096051248
0.768071679570242
0.709139369065592
0.645740890288004
0.598920061331826
0.553058259253959
0.506388371494948
0.46403795374256
0.425794745180374
0.390081539192304
0.351478310698305
0.319113000012433
0.298598811679051
0.265444215133767
0.244419265580238
0.215017051721103
0.198281101639283
0.177884097630057
0.158261419198368
0.14291836348496
0.12866039377757
0.114465454195043
0.101383739214185
0.0910790998777486
0.0815873282741871
0.070406085540196
0.0633398378757243
0.0556842433770977
0.0491276934955073
0.0423335238088812
0.0376870682206137
0.0346843327369568
0.0299972168990824
0.0258094248618211
0.0228239407595042
0.0196915551627857
0.0175738123237291
0.014394608148795
0.0129179466459318
0.0108153771607642
0.00948953716358124
0.00790008058159272
0.00659434862994236
0.00631997923946507
0.00497298480297872
0.00425816892273547
0.00373955997325272
0.00291992307875644
0.00236251557574417
0.00198189049491215
0.00175447072192676
0.00138258989536873
0.00110561847591472
0.000898732484216926
0.000713525994462797
0.000494489197701865
0.000358585767679792
0.000380525271921795
0.000253043187774713
0.00027041291246864
0.000235959550424224
0.000193327252052663
0.00011425797717835
7.74605393783367e-05
6.0487939578966e-05
2.81361988344144e-05
4.91019352074364e-05
6.22244200895405e-05
3.64399128575699e-05
4.65980280351247e-05
3.4814723764535e-05
1.62218689218485e-05
1.58941656571339e-05
3.92473525587974e-06
