0.772266722156108
0.902885958855019
1.03358736324319
0.998610576597324
1.011256160918
1.01985482481708
0.952598057849001
0.917567882534983
0.88260732655425
0.870258513643228
0.867605983029938
0.836129851121064
0.787606734790963
0.771021388457347
0.761921493213551
0.714593779483379
0.706652319005781
0.669171247293367
0.633047027291843
0.605922183996518
0.574135988065918
0.544781534883885
0.515186615410313
0.485031092722293
0.463620548819143
0.42949181736537
0.398249409982582
0.365753770345187
0.345692213657522
0.322028464975157
0.291608045848658
0.269114500801416
0.246511563723304
0.225954369344499
0.204919191389975
0.189430657063385
0.172703819509843
0.15676679107572
0.143133651082588
0.128867279731958
0.116302812281321
0.10607524805059
0.0969645702728414
0.0885198291474698
0.0793830238307688
0.0714975976618176
0.0645753129730736
0.0559535339399211
0.0503870581797708
0.0452434604795476
0.0400109285647151
0.0340956084705874
0.0308470032531226
0.0273014547208267
0.023992147675939
0.0218463562415096
0.0187193445303265
0.0160485229849991
0.013464438105922
0.012408594996423
0.0107611088965082
0.00891959582384227
0.00759855388166051
0.00646947327452223
0.00597155870708911
0.00469504086774264
0.00400822497942649
0.00332430188823329
0.0026625300417328
0.00212140745403308
0.001854730822569
0.00138613754089046
0.0010550142326319
0.000977278542562775
0.000769638836509674
0.000653742683672117
0.000552940453398158
0.000440512265244694
0.000420296597598664
0.000267621708104784
0.000272444011541204
0.00023435680275556
0.000218719478196729
0.000154822410406625
0.000153050315186318
0.000128230201735743
8.82819776002598e-05
4.56753474907031e-05
5.53461300578979e-05
5.04781988512448e-05
4.61072284535746e-05
3.538779647215e-05
2.04354874851759e-05
1.19448663564743e-05
9.65385751077412e-06
3.86097946576747e-06
4.30294338662793e-06
9.32438134877905e-06
4.63058369538547e-06
7.84947051175949e-06
