2.5942267980374
2.67045658788129
2.50587714029069
2.21526258772731
1.76329553327939
1.35065993985904
0.960041924838204
0.655671479894779
0.423616319238946
0.263616888785104
0.165520744283998
0.0960657764368668
0.054255415163333
0.0297675355077104
0.0137390806650498
0.00712865716756173
0.00397702725492171
0.00189917797965265
0.000829379371244588
0.000379590057811611
0.000106143383030056
0.000101630559759431
4.47893926502132e-05
1.77118099516587e-05
0
0
0
0
0
0
0
0
0
0
0
0
0
0
0
0
0
0
0
0
0
0
0
0
0
0
