9.73279723038113
10.5594457764133
9.94267154980989
8.697807002978
7.10162970529131
5.27090637549344
3.92380313324877
2.7817923009129
1.77472479480312
1.0947523736927
0.654890278083199
0.355057447504411
0.202567392666141
0.107592762360858
0.0510525661283954
0.0195261743240909
0.00923174323037562
0.00316836112376192
0.00161589340302
0.00112668876502399
0.000373970291373338
0.00015340764304381
0.000207846201187264
0.000174702852704998
8.12313557331501e-05
6.72366803466759e-06
0
0
0
0
0
0
0
0
0
0
0
0
0
0
0
0
0
0
0
0
0
0
0
0
