2.50986684700735
2.05452090233983
2.09267409938777
2.20397282536801
2.1025337730956
2.05696275751563
2.06501895687516
2.07210964983563
1.98326031118357
1.95136740331759
1.89817904155562
1.83042187953652
1.75087409021477
1.6811671956357
1.616661396549
1.54043090997579
1.44664688500518
1.3584906855486
1.29045484093599
1.21753998352528
1.16098266388148
1.12613519538851
1.0537742353134
1.0106448584129
0.947255081524949
0.886867330630953
0.815297021982705
0.763252116675956
0.72126349202726
0.677518491457494
0.613941419919224
0.565724126565356
0.526448307324277
0.478804848423325
0.446113043754191
0.408168202866979
0.365043222462991
0.331557467612325
0.296918731566592
0.273634800167094
0.242747042066312
0.219985936130651
0.199027939571781
0.178689395020309
0.160772911525395
0.148741747654471
0.127611982026444
0.114721077564778
0.102108989096297
0.0896643125867397
0.0790729568887063
0.0688367243253459
0.0591129235314652
0.0529162151586693
0.0454146132886483
0.0393388148885141
0.0343504954929341
0.0305053780000908
0.0267355083031315
0.0235347958777067
0.0191221246068443
0.016142208365046
0.0131660604709189
0.0105826056268169
0.00964088598301893
0.00778818099936957
0.00656285747761693
0.00592932441168049
0.00529116063400822
0.00406760208717968
0.00333030697751061
0.00271622154174492
0.00260507893614844
0.00217819833394109
0.0015694681674589
0.00142123531621387
0.00120070033914264
0.000893760773128405
0.000794287662878676
0.000542351817645229
0.000385431452366064
0.000318812998444382
0.00020819382630961
0.000167361458268579
0.000106454997007372
0.000131220025092276
7.77335795414053e-05
3.48908904442871e-05
7.62753389033215e-05
8.15533663122214e-05
3.24677910975332e-05
5.29366627554703e-05
1.58942680440257e-05
6.2502207679226e-06
1.07416161035374e-05
3.99411668872497e-06
0
0
0
0
