0.054641513360102
0.0582842809174421
0.054641513360102
0.0619270484747823
0.0575079534052221
0.0603258319660613
0.0566206547888931
0.057572971276068
0.0572099162922358
0.0563620825384767
0.0542563264582685
0.0512740179103694
0.0506259252425224
0.0494004565637095
0.0482507943648951
0.045739215945354
0.0441234121755667
0.0411644625494856
0.0398505292178349
0.0387455101453811
0.0366125583043052
0.0350015596515299
0.0337249770631167
0.03164832936359
0.0292088874489444
0.0277119200851062
0.0262272348575462
0.0246099532333481
0.02313314350324
0.0210460163165362
0.0193114972333947
0.0178296157467259
0.0167309819492224
0.0157795559322263
0.0145017036110746
0.0131557765129541
0.0121905576299679
0.0112391337506273
0.0102623323495294
0.00942403655616087
0.00838628605102751
0.00766271348572284
0.00687346342015185
0.00617351887778218
0.00549818156651557
0.00485682790892508
0.00425822512522125
0.00379022188009256
0.00326181779719885
0.00299558289812558
0.00258340828207131
0.00223318086523881
0.00196125301309448
0.00169348178512889
0.00152848253808717
0.00135879447788675
0.00118408013010336
0.00102903868289818
0.000922843909286227
0.000858130536528106
0.000767631739157187
0.000663576323347321
0.000555165360304589
0.000485421286470389
0.000412697165778299
0.000343304875072145
0.000272102408180001
0.00021906174059065
0.000184247389417218
0.000157364743005653
0.000139007091417513
0.000118044955075833
0.000107649799081775
8.85574392294695e-05
8.18206153651558e-05
5.45318106940573e-05
4.08740222587006e-05
3.74000775907611e-05
3.40887535792634e-05
2.82414867849269e-05
2.19229362794504e-05
2.08398404946442e-05
1.78400879442682e-05
1.65445770400781e-05
1.58151992359195e-05
1.02982804502799e-05
1.00615489176767e-05
4.59925374038329e-06
5.11602882888132e-06
1.66744801010118e-06
1.92731180031019e-06
2.46554319683013e-06
7.09565537679717e-07
1.38893794842724e-07
1.3596982409541e-07
0
0
0
0
0
