0.0582842809174421
0.0567230948214392
0.0621187730830633
0.0575951086768643
0.0581051284146221
0.0561626690433869
0.0590300443543779
0.0597069002001904
0.0573274249231178
0.0574374382749608
0.0563363357281696
0.0549076097307893
0.0527385750838795
0.0497001357960318
0.0503175309505176
0.04689621146634
0.0448323473550245
0.0437449213958713
0.0410813377303928
0.0394031877236564
0.0370632099608834
0.0349700432775659
0.0327513341215235
0.0307997425940466
0.0291947289964728
0.0272470051072602
0.0251034574905452
0.0240030928822355
0.0225128117279851
0.0208646452776797
0.0194250482106389
0.0180217267667133
0.017165493194623
0.0156854303671866
0.0145659697427219
0.0133773677687563
0.0122160761417531
0.0111355233910917
0.00997726756204246
0.00905205559217698
0.00817161370970895
0.00741596128036788
0.00667515811854356
0.00604197627618719
0.00536635274563892
0.0048679714580459
0.00430651832854039
0.00388601337443538
0.00340480300527356
0.0028796248504562
0.00266815702409281
0.00235312620896422
0.00209165078755
0.00184874589669131
0.00161146781629837
0.00146641005446438
0.00125330678724399
0.00101398137169232
0.000891266397588236
0.000792278792717796
0.00068602525349052
0.00061349509139658
0.00052874371661708
0.000438746162771313
0.000389347962622525
0.000331984021813377
0.00026908209890656
0.000225724202287446
0.000198479982700851
0.000162140989199116
0.000143893105175598
0.000120182590077206
9.47133425397587e-05
9.2603210564826e-05
6.82567700372423e-05
5.43187958085337e-05
3.48570342104655e-05
3.25481756330408e-05
2.0098571474479e-05
1.90197768143385e-05
2.11734341844265e-05
1.93773955476516e-05
1.44504712348573e-05
1.34098150745896e-05
1.2414081120668e-05
6.81015320099154e-06
7.30273711766855e-06
4.44065878381835e-06
4.34087294571749e-06
4.39599929935766e-06
2.9650950774003e-06
1.59535148030185e-06
7.09565537679717e-07
1.1111503587418e-06
1.90357753733574e-06
1.33137222957499e-06
1.56470668604652e-06
3.32101253518158e-06
1.37666001754703e-06
1.22647976746242e-06
