11.2702568042951
11.3294937034863
10.4076832980931
8.83000731419376
7.09505072035498
5.39665376632343
3.84878631742306
2.58954193617487
1.72246742959602
1.0918472263974
0.657470326370627
0.387263253616229
0.207271548167515
0.0965474560198121
0.0492717568936508
0.0267211316729489
0.0142766406747262
0.00829081913181104
0.00267150651035192
0.000542299348506013
0.000184781171786543
0.000133049470978435
0.000105825917928445
0.000102379628735724
1.93819496202197e-05
0
0
0
0
0
0
0
0
0
0
0
0
0
0
0
0
0
0
0
0
0
0
0
0
0
