0.764981187041428
0.78215423409746
0.862185563439925
0.819327340869854
0.894329294077473
0.948480598940847
0.90495524751245
0.907329334666719
0.840522449751246
0.870742423724646
0.817883856673253
0.806868426082379
0.790977654023128
0.746694094331271
0.729546468710281
0.688291077814152
0.66376397000449
0.627174378664402
0.608278336101087
0.586207819696276
0.559157598070035
0.526163236964647
0.495404397121637
0.467566913195733
0.445584703006371
0.422273498873992
0.402478270659019
0.372400336095468
0.346113740309623
0.321304375981569
0.296450277177118
0.275768639187985
0.253564899706844
0.233063554262611
0.218849640497518
0.199371433486722
0.179983886371997
0.166149572551334
0.150215217426912
0.139562899750775
0.127584954191791
0.113674510969221
0.101132342713422
0.0907124197311286
0.0802911098015517
0.0733896550020171
0.0667490686713107
0.0574318442486836
0.0505527558396696
0.0452736888594956
0.0391267801718278
0.0356933536980748
0.0314888598658986
0.0274367805448388
0.0235915290914711
0.0208636249872677
0.0185303025050579
0.0153198960232326
0.0132565232536183
0.0116547297209279
0.00941095281251091
0.0083741598425326
0.00721435209815745
0.00599700057075546
0.00507261438559182
0.00402597844014944
0.00335089585209761
0.0026892360392947
0.00226634639960111
0.00184815589549132
0.00150660234230545
0.00130300729083706
0.00104646693098807
0.000763302191937255
0.000710789249522437
0.000647778266877454
0.00053903913618327
0.000440916590407838
0.000368670855183826
0.000287025722834564
0.000181941633567063
0.000184816480176187
0.000154138359838478
7.83690491372118e-05
8.14567788602737e-05
4.88337814900369e-05
5.43648207648659e-05
2.61681678332153e-05
2.89908300303275e-05
2.56180648824636e-05
1.58632586640916e-05
2.24799526769806e-05
1.78810515495289e-05
1.18059725616316e-05
1.38689220577318e-05
9.45274282998244e-06
7.04118008720933e-06
1.49445564083171e-05
1.96486929777167e-05
5.88710288381962e-06
