1.03090321872726
1.09439145329804
1.01652387310618
0.93648662176809
0.956853517561655
0.979263986321008
0.957875768325777
0.947852429387426
0.92984579616879
0.931446255049178
0.88278234696218
0.857766238779018
0.821548939962767
0.781177184663825
0.77708718318682
0.728932440132105
0.700579553506274
0.665873333683239
0.656811917880138
0.613922863662332
0.584841853702319
0.557088678916831
0.52140498030576
0.492914595716029
0.453911895695749
0.423838152494213
0.39491092675846
0.367065423537936
0.346216879809605
0.316369688562835
0.291534955564455
0.269597837444059
0.251231413388952
0.232868811714253
0.213124854294272
0.191267937606059
0.175179115153009
0.158143945437881
0.148610499269765
0.132250127536222
0.116635184285638
0.107017136468745
0.0983708573608568
0.0870067683935138
0.076784463166233
0.0692847234074553
0.0623257481766031
0.0546129911735842
0.0484910846445419
0.0430442219515275
0.0378336476812076
0.0331337566875069
0.0281698840795882
0.0251451501331989
0.0220197143391456
0.0190176039428977
0.0171472908272372
0.0146849181921366
0.012426637861915
0.0111450646620627
0.00990954853591335
0.00849069501687951
0.00773843317177085
0.00617466717064226
0.00544182366049249
0.00477343777655961
0.00379186100601999
0.00330218251539993
0.00276655735991499
0.00253870054251453
0.00190945417665955
0.00165737967106471
0.00135832793691166
0.00106516168656969
0.000801360732841085
0.000680369544362574
0.000509991607674548
0.000437884151684263
0.000403350743218221
0.000371365945273903
0.000279564281443932
0.00019797848469912
0.000209264231586267
0.000172063601216812
0.000171926520725964
0.000116104807012027
0.000114734114270926
8.10420228046849e-05
5.55011612345307e-05
4.38084068108401e-05
3.60259051904136e-05
1.04423005983394e-05
6.81182916172529e-06
1.00003532286762e-05
9.24594803848789e-06
9.31960560702494e-07
2.47745225290699e-06
0
0
4.90591906984968e-07
