1.71210075194986
2.71073945802639
2.36741546305452
2.31906458954451
2.39556755020819
2.18029645909987
2.13294079605454
2.08560297818412
1.92675544667663
1.87641510848464
1.81539687368157
1.83161472533615
1.77657540758628
1.68477000596207
1.60725139477647
1.55330437979008
1.47178510224911
1.40738463312183
1.35454910555248
1.26667743792933
1.18312814849255
1.14822292080828
1.0880939499369
1.00522357609763
0.939237352153879
0.88326003851369
0.805227976774376
0.748929891299565
0.69822451937183
0.647575528104129
0.590115292452637
0.548740044033988
0.510481743306778
0.470173425918882
0.431892887005571
0.390233762750638
0.352749679410461
0.319027521465816
0.289942835790044
0.265883899746007
0.240431541777883
0.218054218865872
0.198982228519207
0.180022787830623
0.164063726788859
0.143544161743482
0.130023834448022
0.114669952890831
0.103592008961996
0.0910037767014847
0.0820948684932597
0.0739321124003988
0.0655975696124964
0.056968353939118
0.0496068006189729
0.0436119022515232
0.0381184035458746
0.0320658295931081
0.0271878827684679
0.0234740888013815
0.0192999338601668
0.0158497468117952
0.0140084446402501
0.0117805000918164
0.0102033099140336
0.00778252057274019
0.00700244976368775
0.00640102669981364
0.0051449530848218
0.00417921541927953
0.003502783263171
0.0030924453019866
0.00252445709091337
0.00203929351809385
0.00170882573961827
0.0014998378089721
0.00132622715876962
0.00113514289552499
0.00113576633312644
0.00104147686980333
0.000729078162934543
0.000668520146393981
0.000468837511175369
0.000335941990634848
0.000288584872079091
0.000176233476737854
0.000105646263635605
9.69015184611791e-05
6.49580630091295e-05
6.19987487392166e-05
2.71306199582127e-05
1.13124923148676e-05
1.29140927857709e-05
1.38893794842724e-05
5.84670243610264e-06
2.17013673420724e-05
0
0
0
0
