5.4685980737511
5.60309600920691
4.96157050478711
4.20286121677845
3.40779209397041
2.66156922055574
1.94913032575044
1.36432163004308
0.902168804565996
0.547788863799056
0.332621020863723
0.191107515095494
0.103378119290349
0.0533161416337321
0.0268076271049869
0.0120199144960767
0.00615644581048765
0.00280848504163029
0.000922146027621071
0.000285374558349643
6.40915610156569e-05
2.26825302933115e-05
6.65986067184543e-06
1.10027910305759e-05
0
0
0
0
0
0
0
0
0
0
0
0
0
0
0
0
0
0
0
0
0
0
0
0
0
0
