0.0437132106880816
0.0494375597067589
0.0498483981530755
0.0544446070056512
0.054104055851642
0.0536007226294334
0.0534081353682467
0.0525938037864493
0.0538189529439284
0.0532301089559665
0.0510757831831286
0.0487782174680608
0.0485676450662001
0.0462904520860535
0.0460916896637141
0.0430968200611808
0.0421883312454741
0.0409940174951161
0.0390276255437327
0.037963320792578
0.0367049996697571
0.0348571096041948
0.0335978758909383
0.0318395911484352
0.0305600083419501
0.0286473514260736
0.0266871191338881
0.0255090056053669
0.0236593044306851
0.022392347489586
0.0209038212821066
0.0190789491951788
0.0176770209835205
0.0163875854443217
0.0150892796718497
0.014049849058104
0.012299922680476
0.0115387403736178
0.0103999498331438
0.00916411680308426
0.00835519557400896
0.00727778004536911
0.00675918578871656
0.00605224301582387
0.00548591842038751
0.00490316161316431
0.00444634399861557
0.0039748088607644
0.00346829463196377
0.00307140162160171
0.00267148983979029
0.00231695948318442
0.00208636439128829
0.00181395994819919
0.00152602977124349
0.00138008107545155
0.001178755002631
0.000999291311979282
0.000858979278885796
0.00072162535925465
0.000600437963644991
0.000550572517920008
0.000434247485075874
0.000353827550622027
0.000316965432839627
0.000250190857018777
0.000207303045586176
0.000171092016373719
0.000146207549186416
0.000105831560391981
8.57495414543885e-05
6.72167450431804e-05
5.03597772528473e-05
4.22558339470565e-05
3.28157548255973e-05
2.72659053470287e-05
2.07482346490866e-05
2.20357213913133e-05
1.57635854701796e-05
1.55616355753679e-05
1.31162866629191e-05
1.0237114628948e-05
8.56324221324876e-06
4.70214294823271e-06
4.42145354982697e-06
3.32202595170319e-06
1.94739656471161e-06
2.06173443534424e-06
6.20124706531069e-07
4.54758548209413e-07
1.0377832770901e-06
2.90063905509427e-07
2.83826215071887e-07
0
0
0
0
0
0
0
