0.0967154786473805
0.214559009127334
0.364422466436307
0.522424907259109
0.636128403499291
0.812254375115092
0.941459264550106
1.04456359706728
1.15718939872246
1.24913375410317
1.3370778319217
1.40133308400921
1.46574038204695
1.54788613963814
1.64014981205868
1.68740043773848
1.75943465281615
1.77518307813569
1.77886185142641
1.78809915766858
1.78160209150424
1.79209762181954
1.76014885603118
1.73808066014604
1.70016139542519
1.66585546067536
1.61333707569477
1.56661523892344
1.52413075058097
1.4629539735747
1.38880513123593
1.33405664771739
1.27000607480439
1.19108984433641
1.13630854577954
1.0703220682245
0.988350204555726
0.946925283972043
0.88392464408902
0.824595769782025
0.770739907852754
0.701140588379898
0.647649786823948
0.614750522014318
0.566841236404285
0.514294730436078
0.470900170441923
0.415866013330281
0.384608656306631
0.350564863509339
0.313618843133399
0.286489521714676
0.250993623305606
0.221555165510824
0.203116040213267
0.179352152951528
0.156832426251856
0.137471712366091
0.127937421437985
0.111736537810295
0.100525331824086
0.0843137801544035
0.069451549141224
0.0606090550160439
0.0563118211199211
0.0494290188667935
0.0411988793966243
0.0327053067990675
0.0300887282327452
0.0246817157230427
0.0198194973873297
0.0178673927602683
0.0180028084937237
0.0152698868628095
0.01119967663099
0.0107727010114585
0.00828670096949172
0.00766038764719366
0.00668691471353775
0.00565316286021181
0.00439620954280241
0.00310529173062829
0.00232254028504353
0.00179302690546922
0.00179336248976745
0.00132289979713931
0.000583263938371802
0.000458988712224857
0.000407496031838049
0.000257435807823199
0.000286792473436999
0.00019507716973734
0.000201829013312088
0.000185060383929044
0
3.05153303232681e-05
0
0
0
0
