26.5203438866901
25.0409777651197
21.5978754191693
17.7756658642811
14.0736042016326
10.7143706079585
7.60915958390493
5.30000751124154
3.47051897011142
2.21855539990704
1.32355402404812
0.72518563966971
0.395098337068694
0.19645679209949
0.0973197800175612
0.0410897686380628
0.0168581433803637
0.00720719898265636
0.00423782333388484
0.00243908046900818
0.000712148046608633
0.000969337531333248
0.000491365984074398
0.000157393583888604
3.01222656518064e-05
0
0
0
0
0
0
0
0
0
0
0
0
0
0
0
0
0
0
0
0
0
0
0
0
0
