0.0619270484747823
0.0640086299361195
0.0623104976913444
0.0593672658669216
0.0594189134353022
0.0576838247266718
0.0576245671078451
0.0558054745914415
0.057629589973957
0.0567922248330703
0.0544654279192638
0.0546965677816235
0.0549366629702916
0.0514249562665092
0.0496247700838285
0.0488817976661107
0.0475967486837282
0.0448904707147737
0.0424185562008088
0.0399363535274038
0.038230282199714
0.0367323338550534
0.0346506572982275
0.0325254954802941
0.0305903478829607
0.0288676725802336
0.0274495588551919
0.024996866843449
0.0230883002423782
0.0213445809497306
0.0195425147388226
0.0180009249365236
0.0167700649712954
0.0154582307274356
0.0143129856054437
0.0131538496324689
0.0120638764464627
0.0108531851613571
0.00995596961814976
0.00893221235273447
0.00803614805984241
0.00727637003276708
0.00661533041738038
0.00583728315468085
0.00530565017230503
0.00465331151182364
0.00417062350059583
0.00366106480906854
0.00325613968424282
0.00289052688912597
0.0024586657516801
0.00220800149918958
0.00188812453147416
0.00168160365637548
0.00145776109409437
0.00125236149006272
0.00104068205459775
0.00098607025823755
0.00082704696368558
0.000705848378966763
0.000612048642500004
0.000533878773936427
0.000486779929583979
0.000396889116357303
0.000348778722139369
0.000290379886087404
0.000254804273250294
0.000211066786554495
0.000179848224220458
0.000152839878190794
0.000128257861149726
0.000101181390064999
8.38559593705668e-05
6.78790524043142e-05
6.23499341686348e-05
5.410578092301e-05
4.54386338814996e-05
3.76022401723328e-05
3.15271709403592e-05
2.05567284761033e-05
1.81754258043307e-05
1.49900607066739e-05
1.32016650787585e-05
1.32356616320624e-05
6.9722921362656e-06
8.6372674744283e-06
1.00615489176767e-05
1.04672671332861e-05
6.97640294847453e-06
6.51820585766825e-06
6.22669966254062e-06
5.94631006294324e-06
4.39930633361425e-06
4.02792005043901e-06
3.39924560238525e-06
1.46450945253249e-06
3.9117667151163e-07
6.38656256765688e-07
2.50301821372188e-07
2.45295953492484e-07
