0.105640259162864
0.0791000955308143
0.0713215542805542
0.0646837374370937
0.0631213984935823
0.0582842809174421
0.0592308268181683
0.0572065390365723
0.0577638855521078
0.0558244046702346
0.0545534706396829
0.0542286051986906
0.0519929339634005
0.0518578262687525
0.0510507028677636
0.0492102025083119
0.0467986392678605
0.0446843511141407
0.0426420171123107
0.0392212089762695
0.0375774150562097
0.0361335227497372
0.0339072353477499
0.0321913369596449
0.0303860616401559
0.0285166524363177
0.0265246036377372
0.0253532768909279
0.0237953289886326
0.0215287423122618
0.0203908841090379
0.0188403399665321
0.0169677790829592
0.0158725995942195
0.0143660306664859
0.0132193635689669
0.0120192190508385
0.0110129177989745
0.00980196910077176
0.00908629651773198
0.0081308999898037
0.00740256616064862
0.00651248054908862
0.00593032548263828
0.00520202658752292
0.00457706617573376
0.00408695271810105
0.00365675957336774
0.00335421618075615
0.00296485897096531
0.00252627429868602
0.00221074833912222
0.00194539382430935
0.00165912005552082
0.0014405917261886
0.00122949810749311
0.00108556527186475
0.000924739258935624
0.000813919234103269
0.000718195580931197
0.000601433164689706
0.00053066843855497
0.000433004113608226
0.000364668224513425
0.000314046782445155
0.00026688911557546
0.000217736841258063
0.000188147918317517
0.000157076074966645
0.000134237656174152
0.000106270799238345
8.76430350563024e-05
7.0688494676015e-05
6.40580461431442e-05
5.27239794197929e-05
4.51591557310162e-05
3.67243753288833e-05
3.13352001436107e-05
2.83744538463233e-05
1.97882526452209e-05
2.15481852319384e-05
1.55384775617961e-05
1.28448633198731e-05
1.21907409768996e-05
8.84290709965393e-06
9.13557136718377e-06
8.27643540002436e-06
9.19850748076659e-06
4.65093529898302e-06
6.36661967493178e-06
4.44764261610044e-06
2.90063905509427e-06
2.12869661303915e-06
1.52783174326997e-06
1.63163788914492e-06
2.39647001323498e-06
1.04313779069768e-06
1.0218500108251e-06
7.50905464116563e-07
8.58535837223694e-07
