0.33639571009861
0.352086341841478
0.315273705829365
0.268619014180312
0.22165894178255
0.171138321462033
0.122106718091282
0.0804188573631983
0.0540452816490004
0.0325735845990228
0.0201513794904549
0.0125494331609504
0.00694079821582355
0.00340333958907707
0.00172020393431404
0.000725293146087519
0.000388341172353448
0.000178304989936816
8.96275279810126e-05
6.00173192022465e-05
3.96715302022635e-05
1.26637448280679e-05
1.90281733481298e-06
2.68360756843314e-07
0
0
0
0
0
0
0
0
0
0
0
0
0
0
0
0
0
0
0
0
0
0
0
0
0
0
