alpha         energy       variance
  0.1      3.7998803      8.7935387
 0.15      2.7210498      3.3961921
  0.2      2.1401291      1.6143513
 0.25      1.8757468     0.86338766
  0.3       1.702277     0.43418929
 0.35      1.6018248     0.20408674
  0.4       1.532343    0.072587632
 0.45      1.5106741    0.016665046
  0.5            1.5  7.9047879e-14
 0.55      1.5060292    0.013887691
  0.6       1.527638    0.048130364
 0.65      1.5612513     0.10208223
  0.7      1.5812567     0.17629439
 0.75      1.6257403     0.25710124
  0.8      1.6546374     0.38055773
 
Cycles this thread: 100000
Time used: 16.951174 s
