alpha         energy       variance
  0.1      2.6533017      5.8300074
 0.15      1.8023351      2.1983876
  0.2      1.4443976       1.078155
 0.25      1.2337466     0.53869029
  0.3      1.1305771        0.29133
 0.35      1.0535922     0.12254464
  0.4      1.0221119    0.049389544
 0.45      1.0054061    0.010890166
  0.5              1 -1.1990409e-14
 0.55      1.0049586   0.0089067598
  0.6      1.0156415    0.034573243
 0.65      1.0372857      0.0683685
  0.7      1.0601735     0.11639359
 0.75      1.0759284      0.1804235
  0.8      1.1192695     0.22866502
 
Cycles this thread: 100000
Time used: 16.893749 s
