alpha         energy       variance
  0.1      1.3119783      3.1262662
 0.15     0.90495651      1.1257755
  0.2        0.71794     0.54307061
 0.25     0.63913825      0.3138514
  0.3     0.56835378     0.13972108
 0.35     0.53847963    0.068469142
  0.4      0.5138929    0.027179182
 0.45     0.50406127   0.0057608711
  0.5            0.5  1.9428903e-15
 0.55     0.50310462   0.0043893041
  0.6     0.51047524    0.015686417
 0.65     0.51650137    0.035341169
  0.7      0.5328126    0.055275867
 0.75      0.5423451    0.086875584
  0.8     0.55906291     0.11799571
 
Cycles this thread: 100000
Time used: 16.426541 s
