0.25719108184185024
0.7763414987844015
0.6155835367727537
0.007548336226465446
0.9862051049731199
0.48891853242111494
0.3040218708681137
0.6650770509816946
0.2855607812145312
0.4635439312861933
0.6518210713262587
0.12188202717607544
0.4672231264311034
0.7352057434325322
0.9605180403725312
0.021389492015965184
0.8324792105112068
0.9391460199366686
0.9858178203627183
0.9378316350189041
0.1292514080774897
0.8860201939444051
0.15286212939582888
0.3605163569932077
0.3611619384814453
0.2797853922706043
0.3548042438541301
0.54300156482881
0.07851701665774391
0.37286967111119407
0.5832188810001392
0.13424940997972545
0.2429879452919641
0.3127790825576541
0.0745338511835042
0.8076907953019956
0.26339747282612025
0.4106010091955299
0.4054128659393603
0.30473563628815326
0.12773804697941138
0.8935593740718485
0.6813948478763496
0.26689146192540614
0.09243092687336907
0.12349501608552904
0.27643640136537917
0.049043478865509194
0.14514686395701948
0.475029547570342
0.935979402514938
0.43406898568131114
0.7091404544851396
0.5703050741196372
0.9762441855878246
0.1782112071242017
0.7391050833284443
0.3504066948572232
0.9912121035805693
0.35281173510660024
0.9787831825255726
0.8603714469901419
0.5977366599771147
0.0274479567015824
0.18553204944910717
0.056511775487744
0.7924617615840707
0.07395108395938099
0.7864594356701907
0.027951849039794974
0.2552062530564172
0.2975833866405353
0.5646064903683536
0.5620612439865807
0.8874009646023955
0.6373774400433303
0.1614620303618195
0.026994792924386446
0.7619824979543223
0.535568797816832
0.5786291495500712
0.41410504786636004
0.5898150880978024
0.40563137805667604
0.4456924054751884
0.5927396360087918
0.49234451053532624
0.059103390954872936
0.9767897079155617
0.8551376400120463
0.3790856278281287
0.5465248427194851
0.9328743266395967
0.3979653417007749
0.9447726993676626
0.030486276185596628
0.7457995222351668
0.7970066110633042
0.19383511262873487
0.16286677529246074
0.5910782856513744
0.4796917118578373
0.586542602423981
0.13227109688123084
0.2777370697700209
0.06967236072962435
0.10799672265927751
0.7163776775610988
0.026401955524349652
0.5396503220994957
0.2986629896367048
0.8684973001667338
0.5450388774858136
0.9975477345448952
0.5610758906192658
0.5620978129601834
0.33510669801549786
0.25232493400245926
0.4273696775673337
0.22717535449607196
0.07087600758773827
0.42505123328407723
0.10641709315152614
0.723120814600879
0.298394028600829
0.4903616586995181
0.19558328224987354
0.6808265089096738
0.8308261468053127
0.22040678596533647
0.007808669093839371
0.25090430845878375
0.6276363022375808
0.31081682723744186
0.8362061383099221
0.8527391992878655
0.3717405627965634
0.36533449201993384
0.016562571724287545
0.5496787483747405
0.1542705940886464
0.1126795381335095
0.05333812925484804
0.1792838074153501
0.1559308109650941
0.03549037923626008
0.9824324545192039
0.6583045014987714
0.3869940715824627
0.06248547836660323
0.047245308685862186
0.804952434706662
0.4227798059266179
0.1082602315952873
0.16703413802718148
0.6801945327171766
0.4272341424296665
0.09680828996318125
0.3920096599297035
0.044755816930519554
0.271026122662257
0.5030796984475948
0.45747928626798484
0.7686346042762389
0.16023033169175893
0.5100442364129952
0.1415270310565474
0.18936959053265545
0.40989860370907083
0.14586258326241397
0.5623275258632894
0.45523181967504345
0.9420966577475507
0.6699949048304084
0.10314223618592588
0.6071068554145397
0.42032924958065543
0.5006319731114315
0.6558055414521429
0.18571809897509262
0.35953449531980775
0.4803797967021062
0.6147829646515008
0.28555714521016284
0.5027734555065132
0.27854611291025044
0.5723898542085633
0.34228940398569474
0.8391609586557156
0.6859128057753072
0.8161278187749986
0.15424606741962144
0.18519365164165535
0.5425947810664189
0.06139825890862938
0.5380585183723922
0.33599700118555464
0.3244543273796573
0.22985318913501995
0.004686739606387769
0.6870733460577697
0.7527811924889369
0.33828341597252176
0.4698036185469243
0.7973822739807863
0.6474677389552546
0.022978171782596202
0.283972485448597
0.9543948318485683
0.8831546554020264
0.32521795107892904
0.9106338892935747
0.4791750818669104
0.2020687207866142
0.27144940811841056
0.2409819163916721
0.05557545631473737
0.43713611124302
0.9045828875237261
0.5257574641792632
0.5454564729055315
0.22699961016553616
0.04640082974115911
0.1258080227978765
0.21512569281164395
0.8733934154093561
0.9883286097862081
0.017766248571012166
0.44330995524008576
0.3691972907854745
0.5364635635120685
0.6165228186390816
0.395999761200828
0.18386406418744683
0.5852742458204657
0.03329676963646211
0.8939776650163531
0.6444107973976545
0.09454426425571583
0.5513749856881907
0.1289743211440313
0.11882084014218852
0.26554890159213385
0.7629083015715699
0.6982209458758758
0.5588521344343241
0.2552266187918415
0.5178687670230947
0.9297509936085084
0.18531920308194072
0.7342074071499061
0.872182896750039
0.6694562083904586
0.20369566865585875
0.12916599637167614
0.5150329913726867
0.1303081811738389
0.8257000008348281
0.5236445287137309
0.2914236874448831
0.5681267334492116
0.26063738044561147
0.5844702046818477
0.23212242725305632
0.2190520522215541
0.5185060815998277
0.8354157832401411
0.6447707704612369
0.09419074119458959
0.13406832534694413
0.3903005958146033
0.31956469287077993
0.8912206018412917
0.8912914879792161
0.029824101023771865
0.21052193779097028
0.3883527127176891
0.17637474498494932
0.918686339938344
0.18959855349536014
0.7339859615174913
0.9569156335362365
0.4777180452458304
0.8142192933706808
0.42821938187753605
0.8134492549192449
0.7616984963076888
0.9596036477349872
0.3366000066454339
0.7665944044640568
0.921617803833032
0.8107716829180092
0.8143374919221436
0.948298238781793
0.29068290270702435
0.44014655945827363
0.10605750089084032
0.877282123522309
0.3436993279384193
0.9052448802492974
0.20385757159533968
0.3496058152639734
0.6904793775772908
0.9227065240960876
0.6879460130074898
0.3400935179887544
0.040043459908096546
0.3317507174847859
0.4761610597040945
0.7304001354118015
0.8936285933130457
0.006309041039328278
0.0767344622459043
0.2817905463438688
0.5356189297149452
0.5357855982615345
0.4252634793257445
0.8836374179203876
0.7273520450342843
0.1359613633298138
0.2351363452335682
0.5053058555146819
0.36251855432381164
0.8086200438431687
0.41933553630704523
0.9411625571261576
0.18245652434354098
0.4827874781576865
0.8942473715874777
0.06573604136793065
0.2792316632894336
0.2027729254143843
0.9848127592862254
0.46845375646812104
0.8881711480327409
0.8539254092751906
0.10396858324133318
0.3499435627110252
0.496695515942555
0.878895044167669
0.9818540680087512
0.3369489293171689
0.7819485950343507
0.8587173362075939
0.2812492913825978
0.19892743537769708
0.6466136791600009
0.5641393330402388
0.15457555834986392
0.7421725312554781
0.36009268803028016
0.6046740203819879
0.006492972582530121
0.5905153664209507
0.7334260110546541
0.34567433769076317
0.7593298235379096
0.42697012115466537
0.4232000582420562
0.2993526375962332
0.7410589188281478
0.9170848638770785
0.4431012387881994
0.9869846488981605
0.7994877367102835
0.3112352492736875
0.23310529818413006
0.3589360040376469
0.4046692860273702
0.49589829043836964
0.7015337423351009
0.8409983347570872
0.05907402174593479
0.45307201200716407
0.4275558899293027
0.4240324145005606
0.5636770885928416
0.9398018101694869
0.3303214160955078
0.9489681421433714
0.24588425790965263
0.5484050277202206
0.713400836019665
0.8806216959925202
0.7816986897799817
0.9657612589875492
0.5511431027259658
0.9054263375404868
0.6546843569563314
0.16901009619785123
0.030660715142086348
0.7607805017586521
0.6776200720841414
0.2883134649731277
0.10601661299440623
0.6894602214202571
0.7494525153968865
0.5582820097955107
0.6652373633942178
0.40406098195856777
0.866087519586982
0.532401281751286
0.8948392016800111
0.7397095550632874
0.522901877997628
0.7196571309622739
0.8867460123730111
0.19451128512291194
0.42980505176986983
0.8593510087313693
0.03049636510686249
0.13308218215553613
0.4053468800031138
0.11235899808568683
0.7261520125492258
0.9748099995916681
0.48906656517912905
0.9602674925938464
0.13576911805786973
0.7004434248024517
0.5828583143224961
0.7917335624838278
0.5377006123447916
0.9798927970615768
0.43965278161340193
0.9502723535014963
0.9182785222225094
0.42386967289549227
0.41052190602322647
0.019947065308665524
0.4484941130033685
0.19941001204688302
0.3359256340698007
0.2825157926023575
0.6701979675084021
0.4401735743398574
0.6002490211186909
0.843518432484373
0.8327720048654893
0.5855573426905576
0.4405364469063512
0.4004102571655167
0.07112713607759813
0.46738198072551507
0.4030428154695641
0.20153069276428015
0.8027249620079742
0.6981479779225153
0.9754081138097127
0.3855158212009935
0.41692758437239774
0.519734919504311
0.35328845659438957
0.5452467443953123
0.8897525417359518
0.7305193866733154
0.2065119498005623
0.8001528795685877
0.7953080630390437
0.7990909604018334
0.31680265396273743
0.6129515207255519
0.6522909819467742
0.1202250039109185
0.9186752903843785
0.3681357735171472
0.6883767236348786
0.9283383793637647
0.6748721631716321
0.9384774127274217
0.6991076570229255
0.1708578946238436
0.7289055090750023
0.405720147290497
0.3185732933797989
0.7806462711010128
0.7904891353633537
0.9490117656563958
0.2031852952091615
0.5326643311279697
0.772122458631183
0.5163488687598282
0.2287864539478861
0.9952902913150423
0.8893198435637796
0.5771433371365626
0.538047806843471
0.8399761180782848
0.9146339813581575
0.8195853556817784
0.4328097755526352
0.8556231314791921
0.22560533179195819
0.5405160670188519
0.31515028861984373
0.11963449572552387
0.14551195275320672
0.9366048176878554
0.19499242784148663
0.6499101292412803
0.23912115794008248
0.5254695727323251
0.13063420411454296
0.28954034603643863
0.40052453004811583
0.7066787742228039
0.9010699353512651
0.42857713198435743
0.713821968579719
0.13908646054947915
0.10057507447264702
0.44810959037341414
0.7605062334799418
0.23161528407367749
0.8091328236943013
0.25240773556120566
0.08380122692037884
0.5130006140297886
0.0009778081589543186
0.7081130395586114
0.7390592486112548
0.9733195963038493
0.6631646068687582
0.4942167259302379
0.07362331711648329
0.5342950271226653
0.1418303940378226
0.8023887623876489
0.576148850536745
0.212914237650623
0.7070551786748137
0.33300847691599145
0.66909821232701
0.7795510881468012
0.08657611869611215
0.5106564625707463
0.10367436206390568
0.6494615057501819
0.3154978825073803
0.643501190424533
0.048553782068418094
0.866996397020029
0.47815925501206613
0.7935531886275523
0.22663697816785
0.33497374225293275
0.7637749232114304
0.8534229165541922
0.4371238648457362
0.9303323300063634
0.5796142988403586
0.0490974814309052
0.4528613379550066
0.160400046327681
0.7328244469214485
0.34735266793066844
0.20117763970615266
0.842788034064323
0.8177963318022827
0.3436466908555792
0.40362279124135425
0.06059981017907001
0.17888471737673117
0.7359188438468761
0.566130348490864
0.8232369701013067
0.5011500981247835
0.7678624156754708
0.5099180004770675
0.5680690305779442
0.1846179642971857
0.5444010245167868
0.20103314871167155
0.5562191720969792
0.1414412376582579
0.18600998929139123
0.7647839601930789
0.07088626571143097
0.36931364559160906
0.8778780189185478
0.10433739981467072
0.3591532152607505
0.11396036759820338
0.8765407575704615
0.12623711288033812
0.2545555078427233
0.42190635251897535
0.6652560178001928
0.34470530954820267
0.21350166529672077
0.37338510576646033
0.5710246261646967
0.9907513493930348
0.3271651758113694
0.3622033363809831
0.7062352536720174
0.2989356914102731
0.3497007210488695
0.9947077354793283
0.6042673787827755
0.8288107950381358
0.03166569048661938
0.1454902197262089
0.727728294216953
0.5397439455910149
0.9952645064599802
0.49562965945080917
0.384103868507898
0.1943740012337618
0.5901664445660855
0.7666251865451571
0.9244391872210278
0.13762582626040343
0.008089923305083069
0.477960489221536
0.1829475862569223
0.6103386115064283
0.6202693045764363
0.4096301850713838
0.677205263887532
0.19967056911058145
0.8085819804847832
0.050339684205637836
0.1718618586534073
0.9806023190695672
0.9003771794068164
0.9397290211237066
0.908444293345448
0.4414171999533564
0.9388041036339804
0.23741346306868838
0.0495143119387923
0.5572640744729289
0.31332023512450924
0.5320773163972055
0.4716085694535741
0.48313240951578573
0.5700775293549659
0.9234422776550973
0.23619249355925243
0.8760801490992749
0.733835433258643
0.07921076300310081
0.8353874860030593
0.3976440185452329
0.3357381098211646
0.000393003192162511
0.24580518598619006
0.6879463498675434
0.8511726351136841
0.24104946936951954
0.3709397705100095
0.1504233377652363
0.8035001641072596
0.7170237234044958
0.7004781873795244
0.6788545241061085
0.892045004085718
0.8830309923985088
0.6253678484792837
0.2887783770398952
0.40310278532155364
0.028957250455217798
0.9164840140021397
0.6874477338720318
0.908170823529499
0.30208713711860113
0.9448264539608809
0.8640311717405328
0.8860127590881511
0.00014133020842688193
0.37724021892530935
0.12232529228275513
0.9328079064690463
0.5137072525150828
0.48933641342690504
0.4869211668341662
0.570291901023215
0.5445075098554931
0.9171108608633298
0.8843845465271899
0.7837192592950845
0.3227273357745709
0.7844374215713414
0.1451854751117918
0.8602262001703626
0.7729997416212465
0.7759671355687482
0.5286986943613842
0.4501853666907679
0.22663149269250416
0.8086781770695518
0.9659290965618759
0.5435319722003557
0.9022074570473902
0.2823504419746198
0.517755251349526
0.3281625894251633
0.9918011592067861
0.2503166518227775
0.678755487511491
0.7642020789997055
0.03222663872243181
0.9822712283503278
0.09132273980371786
0.6140748319390118
0.1493508108256505
0.5207964967050822
0.09334509360030752
0.7812004399897563
0.7729310172845505
0.598148764929093
0.014543319575562985
0.042024220544641167
0.18097065741091767
0.9720306709820733
0.2546001889305973
0.7510088258632285
0.28123520956586334
0.2555186175363635
0.2578637359786262
0.2970529955101251
0.008944604937137224
0.9871761820679249
0.5664606358223131
0.6018424112867922
0.5382600708594458
0.04383754803860984
0.4715204888987573
0.5396765012085889
0.6729557907518587
0.5341680027167658
0.055072308986628626
0.6200989899363766
0.5811752027766969
0.545596325824134
0.8432812802132525
0.44738675970388164
0.6035654463082336
0.12361288639884116
0.2523792529929978
0.8503543257543007
0.01622436248646686
0.15625097810290178
0.8233849747596624
0.22933768147934985
0.25919495533811776
0.7007906066726736
0.9665252791289367
0.1982798199644802
0.7474972878938463
0.14050624498175213
0.38249757127930795
0.32328925140338316
0.8837855189840369
0.6553813962406582
0.33357536000123034
0.02160795914792346
0.36900865912817893
0.9721806718439246
0.5290990867820917
0.7421448232056075
0.345388836894019
0.46058986532522916
0.21163569821797978
0.8369597301372854
0.35980885940012053
0.037088132950684694
0.6889891899907271
0.15578888410897063
0.798751169310482
0.01526245262533199
0.585623147313232
0.4955162770256144
0.9974617337584916
0.1343707364262665
0.6725536822244123
0.09494547529971986
0.16176841431902222
0.9883312916279946
0.8066650674613896
0.2446402886671024
0.846300445700792
0.035600259034926474
0.5356070511818318
0.09147475560820062
0.9709056666420878
0.5831009367246858
0.5557412746375598
0.3179730730240664
0.8499045421492847
0.530154513465718
0.017098224151726793
0.18489489054732733
0.43346830983227047
0.07997641110511489
0.2806575533854596
0.25039528635809183
0.0006086423091991033
0.6928853192293604
0.7738896364811566
0.8203492980213409
0.8516296143866011
0.15152488098084338
0.8900366384529912
0.6582128898145322
0.6961336628141894
0.5640716642088865
0.9396819983471073
0.25184704350112075
0.7868842837227377
0.4952584663688091
0.8909002067462011
0.2761986897941914
0.015246909190852698
0.06489100463442987
0.8996350862213649
0.6411502232454998
0.7302687217068667
0.5043617045380032
0.5575746004125175
0.36389448265544355
0.7826356482727505
0.7568652512075241
0.7000061369477979
0.9618924149418538
0.7688383710827266
0.977922591143854
0.5902764496936616
0.6192590906865287
0.6390532170869906
0.3263713869512017
0.033029018061537796
0.7881763786137156
0.7101878505852305
0.0790316916668774
0.1485818364369702
0.6863402441962448
0.5350373773137375
0.19121444275899735
0.05595335088496012
0.6114123003073613
0.05361162687879506
0.21357531195227275
0.5026626703120288
0.09403110962040273
0.4089061107150217
0.020115798083067515
0.11946374580584107
0.9400625138171678
0.558861088998048
0.6864613759880351
0.3777702031407377
0.7631214106853785
0.8963890348402849
0.9101921629339087
0.49648614813165903
0.7626102319611849
0.7089620332115116
0.9512968538192491
0.24155449014718622
0.5613397077830184
0.04377326756780975
0.9231779590175359
0.9452565787586052
0.5009063448895332
0.5861174481858638
0.7719418450568793
0.24933118427745615
0.3789904760461922
0.2886055961989953
0.5388039652149142
0.9489568238140139
0.3854006995498551
0.045009765813739055
0.6825186327094862
0.49503066017987807
0.2965120008987219
0.41588860670921113
0.862510296881771
0.8210177135498551
0.17084634010049693
0.6851332782460625
0.9976633612725854
0.7843592980408396
0.7250463554353692
0.310019979210334
0.1594707905844115
0.8643221540234217
0.6103462184166267
0.39009039853377636
0.7555907348208796
0.718627885721305
0.6473331254774046
0.2072633615633397
0.8855278177946995
0.7190059624284972
0.3026305634146216
0.06359849887670277
0.9127964154958703
0.7938500584516285
0.4985836429715954
0.41392519420816687
0.6155624739890907
0.3985151761030816
0.03891804002549182
0.30196833210535823
0.2462785581235365
0.9723025876721264
0.7674980490993547
0.4036966138355975
0.7366272087072516
0.3026550151405917
0.5272958274321721
0.207143239828657
0.2542602835857236
0.4340230688193736
0.08242585896444932
0.8532879567289522
0.9163292162919756
0.21310786255154757
0.4737220117607128
0.841459701675827
0.2882789734588559
0.6107088220506567
0.44204801195564236
0.39749147837196586
0.7893742213089067
0.4645126140061657
0.46480251841527476
0.9920285043254465
0.9622297954466864
0.23508088798222726
0.22695376712138982
0.6627380175437828
0.4119464352032193
0.7187540405514171
0.7334533565591088
0.7832948611987212
0.26331448779883615
0.998358215305066
0.49370043677044173
0.08392651435770837
0.1120156832445609
0.5614997241464469
0.5101089424261638
0.9348355065512138
0.9008260608353997
0.4654036478537409
0.20647713322811545
0.5644176059163296
0.3087333817774225
0.6505856339559448
0.5151040068807616
0.8431800914407652
0.1317404149332022
0.251006777252771
0.5975314342455021
0.6252147812669753
0.41259408537902176
0.9005921743687358
0.8102750250424482
0.5408498828153867
0.4050293603878681
0.3971781442327371
0.1139888473931161
0.9372449468869547
0.23453551367686631
0.15281682766615434
0.5100158064555218
0.4550445354605238
0.07402697049277207
0.5755728724790967
0.6985352813761585
0.49054873468168436
0.07289365228724298
0.17966398853885046
0.11593545935208527
0.5834625741376914
0.08508780297389018
0.3840548740663904
0.14715639544110737
0.41148623585559374
0.6252749588601846
0.3595396617024561
0.8959843477482992
0.41748034762490616
0.933655236309334
0.8204568328933642
0.1166424875580141
0.10396562159777478
0.13281013838459055
0.6384683675245519
0.6845921351882761
0.790010083814763
0.5423258639370772
0.6753578692002615
0.6867516712595328
0.3382298681394844
0.6505163127267886
