-0.9753885453711425
0.5260950996672287
0.9458863748241041
-0.8919096552187088
0.23598998103219776
1.0828130715711142
-0.3734764553885792
-1.3211065736558691
0.06153397186295915
1.5936855595216861
-0.9129454192771608
-0.10539007040558325
-0.7510309471783471
-0.3589672940570473
0.23477128105090736
1.476813608626184
-0.7166440259683586
-0.7086549942283279
-0.8725024403880957
-1.0937904454878218
-1.5347000602121186
-0.8512621990105282
-0.10581326947661124
0.04086538652840479
1.1724491875207435
-0.821600484572795
-0.779938123992242
-0.7568372405228574
0.1957459190548047
-0.15847241666001066
0.7772087951112211
-0.7891408068160674
0.9132588525940285
0.9425131430139393
-0.262467702068275
-0.6225374536090253
0.18116908947882018
-0.7915337654795832
1.9922047356774588
0.14088730311117162
0.7924407685637149
-1.2671073005022024
-1.7507575847901604
0.6872662051836544
0.5158867189559166
-0.7606047569132228
-0.5667756498026532
-0.6799438007764532
0.22782691486061338
0.9238521280054981
-1.5448602099407767
0.47874513116694617
-0.8741677208714415
-0.530931964302213
-0.16043520807602724
-1.3614540401483557
2.843938569739298
2.42497747453344
0.7522698590240822
0.6560151814185348
-1.0436101925859638
2.377348875883683
0.018317264871405513
-0.12339550999896653
1.2039935790829601
0.2608000655858127
-0.7766036112085257
-0.21892143049750898
-0.37608577925288844
0.06465569336967153
0.5544575388744446
0.5327589038428345
1.3012018917862487
-0.004103064215267418
0.9580685182660604
1.7066618414821415
-1.2260226077977772
0.71257056349051
-1.0723321101925027
-1.5070755907081497
1.5846620395874347
1.135483968796023
0.5233729439128036
-0.4769313976443531
1.5035612241102962
-1.367167725038839
0.06739291981889342
0.48517755366254633
1.2871269332031163
-1.5264276993735633
-3.0641413561051007
0.11537031328626592
0.31742715534436644
0.17368027267708264
-0.877246861311612
-0.04416079984017279
-1.5400790713414785
0.42059339168511295
0.892588395830451
-0.7320318846051872
-2.0039417678250966
-0.12978171025513718
-0.1985003194006996
-0.08060699432624299
1.3035754514576023
0.1385954791185322
2.0841228476909004
0.3807434533098883
-1.08723367066726
1.1336134582784587
-0.09034436761133893
-0.4887708573317057
0.2794013512216662
0.11478381140063329
-1.5585941928171034
-0.8495187764148103
1.1520065700146511
0.17592789245984333
0.6389859536932095
1.020152644515352
1.7926130716325068
-0.639096500196793
-0.7033950585259874
-0.9245095945483305
-0.600450541555805
-0.9125867671295468
-0.01500073249781529
-0.10823276892106413
0.5812382717209089
-1.1906512335608765
-0.653824523313264
0.35946106565128766
0.6986479775844114
-2.316617310418222
-0.6020706223552577
-0.253620389593978
-2.0411541793372043
0.4487003567731619
1.2041275262588091
-1.9430994123029217
-1.564928767972624
0.9521821267404129
1.135339228119035
-1.2727756374651549
-0.987620712704062
0.6594188067356809
-0.24302373169355385
-0.5213164307740237
1.594137379633442
0.2977990384609698
-1.8194488422044683
0.2533139057227929
-1.4052576600099997
0.742056579716027
0.9819936577191596
0.43856199808904056
0.927819852939582
1.9642794572557087
0.726679966035482
-0.3719599408387549
-1.0933039087690002
0.22445073469377033
-1.0350381702707547
-1.438745273090476
-0.4618495049410465
-1.7783181251316706
-1.3004737829259794
0.5011563909976025
-0.4752552733646227
-0.30663438070260324
-0.025916098658159793
-1.9541918157254503
0.18622374551821377
-0.0038299430664775406
-0.04520646971031836
0.34284631059528275
-2.1649275694062022
1.9118295120412165
-0.3033511147770679
-1.4342137169891076
0.11152987853981361
-1.271167723089402
0.06639269984569035
0.5406022320910384
-1.31889682743322
0.8454264291238803
0.13109219967497152
0.34908368421465397
0.4040681051477186
0.5124341468056791
1.1203617995751336
0.8604544477785941
0.48691035347378325
-0.7643396262695974
0.2863311024692068
-0.5578339544058541
-1.4487522736715717
-0.041376875211026384
-0.9128100967507606
1.135141385786539
-0.03770919420042695
0.045262568720710904
0.7752061185930604
-0.4181239219167975
-0.25659485841042906
1.1646711622989354
-1.3836786015679183
-0.8669552184321473
-0.13369387223934462
0.7847891910603184
0.24979247394889875
-1.1575168377245606
-0.9197739705244747
1.6944600197979376
0.31626928139039256
-0.6184412224138484
-0.4842775205729267
3.740248903704589
1.3402719103293055
-1.6364740109452613
-0.4587749755420541
0.7228226834002522
-0.27548108296472534
1.1390532955004165
1.7642495790385695
0.00756039503731471
0.2947395148619431
-0.1686622867439575
0.882799066106527
1.4999251635020865
0.9343953739818499
-1.0829776057118046
0.7543630698241057
-0.5787539333295567
1.748361966154716
0.4762838157069839
1.058128734316406
-0.021059386083835164
-0.03233791224007781
0.4307776327618067
-0.03080131206130836
1.578913904941558
-1.1421963009115637
0.6854164476855812
-0.5866597964399874
0.8610462424060725
-1.797116092354214
1.2861262484521878
-0.30936877839864435
-1.2336731524814668
0.7166843102595768
-0.19177684339106474
0.27713883157577573
1.2279086981752831
-1.0911905567541966
-0.7363771349439864
0.0804071303898074
0.5675153985187859
-0.703614975856491
-0.793145315094652
0.7713352922468742
0.983638642215719
1.397273258509965
-0.29513532598451114
-2.5822347976523288
0.5233902847694909
0.7599321025295837
-1.4668231498201383
0.09038024644506985
0.2753082795462006
0.34035496225335726
-0.46469446882460713
0.08343319476319257
0.6003944961151911
-1.7761734421419468
0.9110824343340161
-0.36583665398201864
0.764502119196767
-0.7026202774311522
-1.711764865060453
1.1811387284253252
1.6411361857075177
-1.8605307372176694
-1.2922766213687398
0.0941731578465827
-1.0493603216267162
0.7602517470234037
-0.7970638989468275
-0.5175805259309351
0.21143496899161857
-2.178225097325519
-0.3199225871280178
2.014648873999552
0.5868847453565396
-0.9991095128812628
1.0460151208496924
2.0631854387843407
1.2746684771773753
-0.5846108372814344
-0.6575961398094976
-0.37047685436700895
-1.049053366243632
0.029215791266507272
-1.0056893205985844
-0.8752393871449163
0.3208187718092047
-0.5636220581843773
-0.20438481436563963
2.1481782434352508
0.36821948903367896
1.1903232334406804
0.4379181321807927
0.6029790175637042
-1.349175206963777
-0.5469719130389167
-0.2622538736045713
-0.44662665045176814
-0.20290850458368503
0.15990174327940532
-0.222612409447839
0.6895928169178559
-0.2477975061075331
1.0839519781997107
-0.013095411345173575
-0.5946762577195795
-1.2513907568690088
-0.7693836244291606
-0.25431071572145914
1.202059351006588
-1.2718735784146247
1.0401527392549108
-0.09176419335806169
-0.8314450803505212
-1.3190912300084694
0.5489951251882254
-1.9062328456870805
-0.4615129705246348
-0.4403619312799522
-0.16312500621284975
0.5811849443107208
-0.6146409249169097
0.1203424280078301
-1.2178460507591775
0.0576920925776941
0.608355376691552
-0.35169187612357783
0.36866569299588453
0.10463232334045328
-0.3442891492802984
-0.06081747453551338
-0.19502087663908493
-1.9742477626379515
-1.49916286177836
0.4328522273782929
-2.0883470416843757
1.1583817949984427
-1.409971137971963
0.030525287891121366
0.472135915901166
-0.6367350241906234
1.162588546776034
-1.3708535487883826
0.9067663773284979
0.14855654928392611
-0.15118582188059088
1.0116959457668908
0.5392538227271283
-1.2044774365748985
1.4118106063787874
1.0039964033226745
0.10380768108867151
0.14968752877271832
1.3362367180035077
1.6581722542565447
0.6126584867054992
-1.1626214343860233
0.12025014650600971
0.8200199055267631
-0.8344983354558086
-1.2058669118259404
0.005778391705293282
0.11236384565475019
0.3778297912979604
1.230299344816437
-2.182425399509166
0.09986144802354702
-0.2056777237581383
0.015749245653221937
0.16743325478125634
1.0257495478066412
0.5589327357143823
-0.045699923222044234
0.0891175300595829
0.10535739192515123
-0.13296578186014174
1.322013784498662
-1.9122382859697469
-1.4014961881101127
1.5976369628457134
0.5736533442539641
0.6306416725254931
1.1581868527405184
-2.0183550516948063
1.4391354025339331
-1.1664641491312413
-0.9827389700521454
1.0362427757607
-1.155715954115885
0.530921212786579
1.4273293869368373
-0.6495935481591003
-0.5890801512833148
0.6720285679819714
0.8963216468688703
0.34172522132346783
-1.581368005190903
1.6102040229900612
0.6224949307878803
-2.3568649077708295
-0.8997874930908698
-1.0600342610720748
-0.7776976185631873
0.25605238613052045
-0.7152321407714558
1.224947014327952
1.1087379256659278
0.07425068210338727
-1.0532269735060111
-0.0006130050749615328
0.40675972575016384
1.162457386956998
-0.464294102344676
0.07972196175027634
-0.9967397713054439
-0.4609823730753101
1.1683381663504107
1.5962034793090145
-0.34497412040426745
-0.2641389428883686
-0.7606621655012265
-1.5295979793746663
0.3727604823882885
0.4726903170601264
0.6044470805127579
0.026131979530616148
0.5292113042641395
0.1653818999636567
1.2444590620289295
0.37457611195590107
1.4513351157605372
1.0723618705649005
0.35901654387424187
-1.2423005116668568
0.5172723109699303
0.3207619806555976
1.9186195264011077
0.742341573755488
-1.1312712082912715
-0.7928637346996404
0.9639369237089188
-0.19311226230054834
-1.2028900119713275
0.4907613815015929
0.4936492371435114
-0.11854175010917876
0.8615962373417193
-0.10423392541083455
1.86481534291299
-1.0975098026466428
0.9079220869128258
0.9909861710337484
1.2668665643981818
-0.12525423890135004
-0.41299433809262887
1.7406750640355182
0.5465691026603778
-0.5851352797686908
0.8323518154376313
1.5870825219388973
0.6663810561258107
-0.7259800553524552
0.9794249859599479
-1.5375348412154786
0.7768192843307928
0.978327542602826
-0.22196889971060488
0.2771265005611528
0.15028030707346207
-0.5357956620139959
-0.8576003202029047
-0.2786813476594679
-0.6220121543392613
1.5138407485294787
-1.3552714642976345
1.799211810942495
-0.23541095803671688
-0.7710385133282165
-0.5442459107735271
-1.0409628473237882
-2.032167323739674
0.8159891538121661
-0.15364732494142597
-0.8384502906325029
-1.3058329534318514
-0.562829044435584
-1.2514994035400624
1.2985716217739778
-1.896277930424392
-0.9582128157722813
-0.8830217303668589
0.47517739276916127
0.2537748075110025
-0.1447931144765984
-0.17222498883714352
0.39807178788075337
-0.7954389347419866
0.48366473336493476
-1.3227624197657841
0.5403055162702174
-0.5072572026876707
1.1283785422364605
-1.2233505715927329
-0.45350311891367795
-0.8209053714367824
0.940218905118492
-1.4112934668388917
0.8841477951153655
0.4632172228765913
0.565973205432593
-0.6881593072259579
0.47534051728142246
1.7507218048489623
-0.6913085383825598
0.25318954811736005
-0.2630812529374809
-1.100346396145693
-0.8248275939563184
0.5248509452500714
-0.045382556696442526
-2.4529198628005378
0.5322881797215193
-0.3175893278301259
0.9177471118740052
-0.6436341669020254
2.306927273971173
-0.9487492520091053
0.7662261906874215
-1.0754598165366551
0.1949556147899143
-1.1475100576742117
1.254848753511963
-0.02110381939647485
1.4947691825286369
-0.09728584530160729
-1.6243589631658872
-0.8431173300928395
-0.3921689753142158
1.3814994155847962
2.729462135445094
-0.11415706800292051
0.31801686094946124
1.2501122262187145
-1.1413083218566606
-0.31560320940172826
0.6695926959117037
0.35313325447531546
-0.08432253269598856
-0.9774007100227984
0.10418997587261888
0.7128772994560211
-0.718420956902102
0.07447709492304472
2.08974091704949
0.4773366596902064
0.5931235663760103
-1.0361885663919008
-0.550875649603592
-0.31746617059138227
-0.8386774077745356
-1.209100458641519
-1.5657748449138427
-0.20787983780257424
0.8328187435217099
0.6167805635806435
0.6762815106358739
0.9120868581510255
-0.8588231507422037
-0.6832707184137332
-0.23558565194673464
-0.8912576389118602
0.24967101487352886
-0.6631558312958422
1.1139527418808068
-0.8778515425288499
0.5625417835249032
1.6787603994940319
-1.2152254181311306
-0.5513231444446826
-0.7681584763741307
-1.0602738188253056
0.2606884809102133
0.5003195194866704
-0.7328074372194352
-0.5124826255142971
0.24241075242619894
0.31396174295537116
-1.1113729323078212
2.3016345027808534
-0.23344104883120642
0.08811970446198623
-0.6280690126587997
-0.2586954360976899
-0.9042886387435229
1.6282387080178005
-1.847187510881867
-0.18494936447121513
0.6611144634726759
-1.5972142442577566
0.46101596374318504
1.3165064027087494
0.2963696717799263
7.512221247400476e-06
-0.034210800092609434
-0.2814993205506845
0.5801776447125971
-0.8635265965180466
0.32681306197752724
-0.33852572514158347
-0.5816228502650783
-1.1563755922941563
0.6745282193394017
-0.5906453787685052
1.0775199822005939
-0.028045418922321503
-0.0030922379575568136
-1.0978727092313199
-1.0001157199466832
0.5469982296454587
-0.0961876932390115
0.0587424306110808
0.6510145056416429
0.5218448364473295
-0.3558323037687913
2.8943861916269094
3.135047340087907
0.44031310911722576
-1.439194359044072
-0.8936101413393984
0.5817392889695517
-0.5766068866208774
-0.08170226840933198
-1.9967455389180462
0.4361815159008643
1.2084426041815277
-1.2143733634764424
-0.34350002560034015
-0.35902060721950624
-2.4848954085549657
-0.475650077257237
-0.5691645557455409
-1.393556966972329
-0.8745405206894936
0.2468532710856716
0.3413890470753744
0.3248685522382847
-0.5759521961535723
-0.824904519498372
0.1453879754503495
-0.393142158559682
1.0364170105858024
1.1643086471236404
-0.4726131262518513
-1.633486958657259
0.18335976313563973
-0.6688954996256538
0.8222970703188968
0.7000995177303653
-1.050609359178075
1.0482305593614218
1.3922773402588107
0.38622388289878856
0.6101460366504673
-0.5209280451862826
-0.859160398168045
1.2548868714256634
0.24110911704715515
-0.0916751996340547
-0.06892501949678126
0.7527614653068494
-0.21565126620908956
-0.49842790108547963
-0.30474360581146104
-0.16249720102336535
-0.48647135206821807
0.0882823106652884
-0.491598626876554
-0.4549278426221724
1.986539197727147
0.00726048398584936
1.7079861809188028
-1.0047646079403063
0.7548167342810945
0.011318007124972324
1.6910100183182633
-0.4651863471275594
1.7923229893528498
-0.5886460984983551
0.007627448212862024
-1.156085933205499
-0.034551151621253356
-0.20682310363823816
-1.1093858227166964
-1.8459965521446364
0.8964069423491676
0.49513757821686233
-0.696338517135318
-0.10679363646938571
-0.7252038456637648
-0.13807465634608823
0.2500426887487006
0.3531156570701145
-0.5009768736160316
-0.20980437698718157
0.5161168844666463
-0.6593264509967056
-0.5555571154574089
0.08185020859733498
0.4947622485940051
-0.42394975124012607
0.7965307986530902
-0.07006411599606449
-0.672742530304163
0.09441540724620351
-1.4566902940280657
-1.8358990412908596
0.3390251296105697
-1.7763233397671936
-0.8019470832016612
0.9986705888993866
0.3316940642614485
-0.8499668680628096
-0.014990428661929877
-1.4338957280829991
-1.1391903140756272
-0.16781809657054741
0.5874495514265937
-0.033729521000650874
-0.08429426710562539
-0.6503443302703483
0.07451824253011115
0.7960178154738345
1.1037480234615573
0.3427734110208479
0.12197818894064819
0.3551726778037381
0.5253602080090382
-0.48177637406572554
-0.36911191595649046
-0.6634449740226703
-0.6287994264700616
1.883029536322861
0.7849377222952587
-0.6847397056736109
0.042316779241044995
0.30748920265025553
-0.0899584325212619
-0.9637543939105327
1.446528642388544
-1.1884246050321579
0.8683403811601966
0.054036956344474814
-0.8134718048962176
-0.16150411454896868
-1.8504991327810163
0.27497256944050336
0.7284646065701588
-0.5300609543646709
0.297857928006686
-2.498894274710741
-0.5313955414362246
-1.3374015901317073
0.9252926034964264
0.1943131872410117
-0.04723757850072069
-0.18922869804373182
-0.24288838588631786
0.7850624781487754
-1.0417528048855629
0.9322531272553473
0.6995888948805858
1.0307543310626488
-0.3479366684274727
1.0814859205102036
1.000785925774463
0.4495976919139571
1.1228697457953762
-0.4413016436826329
-0.07314789196366885
1.347599579628929
2.0173903802198088
-1.646634781578608
0.9370434368925864
-1.258115919534747
0.2102915014503142
-0.5878981025013955
0.2056890407178121
-0.29823864939612726
0.39407345174029856
0.6497446906254494
-0.3481558156261132
0.6685633960121458
-0.28757562650431656
0.6848194568419582
1.1774543938903057
0.1650850837802196
0.23311263636668741
-1.8027220504245314
-0.7718904782638553
-0.6226565784556466
-0.1506596141383785
-1.4000228868967703
-1.301066078757485
-0.07710695686740628
0.2078252673129942
0.9861959282732953
1.432756426622143
0.5282584995152871
-0.3677319748239843
0.691720859369497
-0.798346748264865
0.21381772724796477
1.7899759295397104
1.4735739321756862
-0.3023854022651536
0.9703637044692226
-0.387917020526034
-0.6151060103874422
-1.6093373677207141
0.5368901631091649
0.30594078416588816
0.9844940171717375
0.8059221474364318
-0.29952033384438004
0.8631016097637815
1.880730754624112
2.3012837618788504
0.7724558045656563
0.28847588826539894
0.3886640869423182
0.08338966865267904
-0.5755688833229881
1.5772914018653585
0.7625064699753435
0.1464966997003222
1.4876209683463106
0.8397314754461632
-1.2562782121342697
1.2366387666542806
-0.40943126191497314
-1.3175820382080725
0.2898594014928233
-0.3101969003334541
-0.7444728050562531
1.583547291673275
0.05972217543627661
-0.05222398815697889
-0.25136514562701245
-0.3929823329028175
0.1887792036589494
-0.3211437431638259
3.2383431967523766
-1.05437503591072
0.11724318211199877
-0.47027327756591264
-0.7025405413912373
-0.6679385164694476
0.027655053690957953
0.9311947106654654
1.1945064126916285
0.6966415247324457
-0.423681770441302
1.92173816791684
1.777733596458139
1.7631582835495723
-0.47145315970328583
0.6214346427417776
0.7102542824744325
0.584932733083613
0.5687547960188786
0.549022707734368
-0.30243146085526795
1.207317030500208
1.3776666162314943
0.6362839300179232
0.05529735349905863
0.40581711691311234
1.2484572829871987
-0.12748161092192994
0.6994356666012876
-0.7352504600283067
0.3792160993609311
-1.2746618205200255
-1.1369138220694701
2.0884818045490885
0.13164681724022329
1.1037148180302014
-2.6768413763474905
-0.2376984636689677
-0.17578325975833825
-0.5582385405501156
0.13965556823449055
-0.8663452517714967
1.2558611434205809
0.6589328879933323
-1.1443557399982098
0.4846547176740095
0.3145199030982752
1.6108814773826814
1.0558686021830501
-1.1183198368795517
-0.777175321945232
0.9944350023559069
-1.321513378351499
0.5999020417751052
-0.6783480669939431
0.5089450728523228
0.5382648193317642
0.3745336570778013
-0.7468172406559462
0.03353786731489009
1.2202224782766833
-0.184599832591338
0.446674362298707
1.648747795073854
1.9095286915525786
1.5546894746825
0.14277767313411027
0.10280335690232507
-0.17660012446862758
-0.5120675824206272
-0.16395021322425882
-1.4109659716113072
0.578024943735173
-0.2846351527557305
1.1312648708002362
1.0500034382632122
1.393015753572061
-0.7768093919310283
-0.2266753590787501
-0.7302128226688793
-1.5590951624737899
-0.6702029691032715
-0.7927406161568422
1.1306051773633974
-2.739141738963788
0.5103149781599827
-0.25361932083227295
-0.4576626676820923
-0.30603649673749
0.4657575557576121
-0.09797565054204126
2.3782396207685506
0.19684576473421153
-0.47084330987732265
-0.5296753688246612
-0.21617568141664145
1.590556729913435
0.5431137214467076
1.3770374566557113
-1.2642109739896554
-0.48714224673052475
0.06962853624554367
-0.20050816603965274
0.702972940949333
1.0515007173855322
-0.3661232601021421
-2.8720502502872667
-0.922819187168053
-1.2005083039338007
0.5825205566485963
2.0434699799311615
0.34307481861482325
1.819773086209831
0.338016911783674
1.122974756204621
0.3241130623760646
0.755374334210633
-0.9269924740426354
-0.31009477752212883
1.5081115716402531
0.9297092046865879
-1.3551904271156632
1.075115691837281
1.2316693445367433
-0.27560226363570817
0.33404356906613925
-0.5740603609759961
0.30839726207068635
0.15711632842506082
-0.3853029145628864
